1	-0.0179684	-0.0173079	-0.0168969	-0.0327486	-0.0225915	-0.0068542	0.249874	-0.0461143	0.179847	-0.0390796	-0.0303992	-0.0170215	-0.0282065	-0.0633207	-0.024368	-0.0238144	-0.0324198	-0.0906118	-0.0246252	0.18978	-0.00769593	-0.0566565	-0.0150954	0.33517	-0.0288176	-0.0256618	0.104417	-0.0625912	0.0466806	-0.0471532	-0.00554765	-0.00418088	-0.00700286	-0.00915688	0.119404	-0.00383764	0.0602313	0.0432927	0.0107385	-0.0210571	-0.0164963	0.0361953	-0.0129182	-0.0139822	0.00501884	0.104394	-0.0222353	0.0198024	-0.013234	-0.0828087	-0.0195019	0.0409141	0.0906576	-0.00825212	-0.0198682	0.207151	0.196254	-0.0851036	-0.0454186	0.119597	-0.00226986	-0.0285963	0.00698244	0.269837	-0.0161687	-0.0345486	-0.0774737	-0.0190298	-0.021596	-0.0364647	-0.0152959	0.0126063	0.0171763	-0.00937063	-0.0160306	0.0380479	-0.0149646	-0.00889499	-0.0171854	-0.0197134	0.0209099	-0.0229119	0.0795845	0.0814646	-0.0207126	-0.0140405	0.0948853	0.193173	0.11031	0.123025	-0.0190464	-0.010455	-0.0282243	0.0985954	0.0398361	0.00517733	0.0609162	-0.0197256	-0.0452605	0.037792	0.00462681	-0.0299814	0.0798036	-0.0471852	-0.0240816	-0.00657964	0.120354	-0.0277901	0.078473	0.0484322	-0.0156375	-0.0220791	-0.0183753	-0.00800698	-0.0224557	-0.01951	0.011268	-0.0287052	-0.025584	-0.0160546	-0.0727761	-0.021177	-0.0131189	0.107275	-0.0562277	-0.0133361	0.0810273	-0.0127796	0.00710138	-0.0159935	-0.00251891	0.0043822	0.00987556	0.000251444	-0.00742506	-0.0200745	0.0749591	0.110952	0.00415253	-0.0100881	0.0330356	0.000669433	-0.00501028	-0.00489485	-0.0156809	0.00225641	0.101369	-0.0150992	-0.0166083	-0.00692665	-0.00783428	-0.0110489	0.200473	0.0440392	0.000863218	-0.0227838	-0.0384849	0.0728549	0.0776745	-0.00791945	0.00852975	-0.0118201	0.0483499	-0.0137395	0.00260198	-0.00923568	0.0655291	0.0645068	0.00366418	-0.0211304	0.00377154	0.0104421	-0.00538229	-0.00907181	-0.0176716	-0.0146218	0.0687039
-0.0179684	1	-0.0217109	-0.0246962	-0.040597	-0.0161822	-0.0202093	-0.108726	-0.0477244	-0.160545	-0.0223593	-0.0183999	-0.0143695	-0.0134484	-0.0714464	-0.0290293	-0.0142504	-0.0330757	-0.0955198	0.693055	-0.150683	-0.0165936	-0.033527	-0.0325714	-0.0818467	-0.0261128	-0.0165499	-0.0333585	-0.0451518	-0.0227214	-0.0431587	-0.01972	-0.0199541	-0.0114328	-0.0273569	0.0219832	-0.0253881	-0.0168086	-0.0323915	0.118614	0.0639042	-0.0187417	-0.0503309	-0.0171286	-0.00695662	-0.0209084	-0.0229036	-0.0102236	-0.0307535	0.0618448	0.00813104	-0.00804987	0.0366966	-0.0611317	-8.89432e-05	0.0144512	-0.0258281	-0.0156038	-0.0399903	-0.0357655	-0.00854254	0.0908235	-0.0108876	-0.0109284	-0.0157205	-0.0193188	-0.0263611	-0.0391974	-0.0157667	-0.00547114	-0.0682101	-0.0233822	-0.0343741	-0.00350523	-0.0244731	0.00273802	-0.000781595	-0.0237282	-0.0279756	-0.0195423	-0.00612824	-0.0264571	-0.0132912	-0.017563	-0.0192971	-0.00606939	-0.0210743	-0.014169	-0.0363141	-0.0129524	-0.019472	-0.011806	-0.0458589	-0.027847	-0.00416588	-0.0515653	-0.042357	-0.0479622	-0.0117542	0.0516576	-0.0141157	-0.0490657	0.0576125	-0.00591639	0.0426701	-0.0327898	-0.0219294	0.000520863	-0.0426412	-0.00796332	-0.0231917	-0.00712398	-0.011553	-0.0175972	0.285595	-0.015491	0.00232768	-0.039812	0.191869	-0.0174405	-0.0170252	0.0681188	0.0325059	-0.0176396	-0.00674503	0.0795427	0.0634584	-0.0228927	-0.0134965	0.0239404	-0.0234057	0.00521615	-0.00485904	0.0496217	0.0225768	-0.03932	-0.0236462	-0.0222146	-0.015106	-0.00514676	-0.0190669	-0.0209239	0.0200618	-0.0184694	-0.0222698	-0.0189484	-0.0147262	-0.0333309	0.0132707	0.0058864	-0.0105359	-0.0108254	-0.0360564	0.00609979	-0.0327781	-0.0216217	0.00213543	0.00152582	0.0163559	-0.0126787	-0.0116118	-0.0232823	-0.0216125	-0.0346239	0.00293458	-0.0123826	-0.0138276	-0.0338404	-0.0364346	-0.0096791	-0.0145417	-0.0069555	0.0176301	-0.0120111	-0.0220304	0.144708	-0.0232191	-0.0237038
-0.0173079	-0.0217109	1	-0.0134906	-0.0467359	-0.00172786	-0.0236738	0.2275	0.126039	0.160955	-0.0343046	-0.0297982	-0.019359	-0.0186956	-0.0617522	-0.0173378	-0.0220592	-0.0161243	0.0517243	-0.0384644	0.168327	0.709983	-0.0439753	-0.0243255	0.16415	-0.0171237	-0.0135174	-0.019855	0.0247915	0.125552	-0.0319879	0.124211	0.123698	-0.00902015	0.0103491	0.0528409	-0.0253443	0.0115459	0.107799	-0.0603221	-0.0406354	-0.0256513	-0.0262658	-0.022815	-0.0251856	0.0852725	0.0280477	0.00593956	-0.00969451	-0.054124	0.0625351	0.0996504	-0.0327854	-0.00623681	-0.0199185	-0.0249143	-0.00980221	-0.0137747	0.0442841	0.036478	0.0478769	-0.0241899	0.15848	-0.02198	0.0106281	0.0439583	-0.0409595	0.0635975	0.0495928	-0.0124147	-0.0316547	-0.0149309	-0.00759572	0.0259807	-0.0227775	0.169424	-0.0382083	0.0374389	-0.0143946	0.00603458	0.0957039	-0.0150612	-0.00444733	0.0863123	0.088088	0.0622817	-0.0198284	0.0299432	-0.0131115	0.00723738	0.0614944	-0.00578804	-0.005755	5.54865e-05	0.0431023	-0.0685674	-0.048826	0.0060578	0.096087	0.0132512	-0.0249703	-0.0714819	-0.0259265	0.0914936	0.0046859	-0.0257096	-0.00543466	-0.00230025	0.00929354	0.0405953	-0.0131939	-0.016857	0.0023494	-0.0111391	0.000181915	-0.0134298	0.138485	-0.0271157	-0.000289815	0.0146715	-0.0374469	0.0394355	0.0127177	-0.0261499	0.0455725	-0.047372	0.0231542	0.0436877	-0.0100151	-0.012342	0.0180361	-0.0197994	-0.00632386	-0.0122089	-0.0070717	-0.0245935	-0.0332524	-0.00489512	0.02112	-0.00612839	-0.0159855	0.0330407	-0.0121314	-0.016743	-0.0210323	-0.0399287	0.0756377	-0.0230266	0.012772	0.143595	-0.00787428	-0.0011615	-0.0221662	-0.0089026	0.0639883	0.0290661	-0.0173519	0.0817367	-0.0107393	-0.00886522	-0.016571	-0.00111927	-0.0231704	-0.011247	-0.00679655	-0.0206251	-0.00548627	-0.00638918	-0.00942602	-0.00780076	-0.00832436	0.00281119	0.000949191	0.0108869	-0.0370553	0.00862816	-0.018851	-0.00415517
-0.0168969	-0.0246962	-0.0134906	1	-0.022	-0.0202349	-0.0174135	-0.0892457	-0.0362412	-0.130819	-0.025073	-0.0274845	-0.0213202	-0.0109582	-0.0561665	-0.0204929	-0.0124972	-0.0338278	-0.076776	-0.0293566	-0.119984	-0.00341056	-0.0466904	-0.0180401	-0.0652419	-0.0226779	-0.010708	-0.037738	-0.0594608	-0.0795693	-0.045955	-0.0418487	-0.0413484	-0.00628587	-0.00344557	-0.0405889	-0.0302487	-0.0629714	-0.0873585	0.165004	-0.0710833	-0.00927592	-0.0670993	-0.0198485	0.00350537	0.126062	-0.0458059	0.00693238	-0.0201788	-0.0761631	0.168097	-0.0145279	-0.0953377	-0.0873098	0.0132404	-0.0314324	-0.0209406	-0.0197935	0.139121	-0.043922	-0.0374608	-0.0472481	-0.004887	-0.0254879	-0.0170054	-0.0305254	-0.048116	0.155111	-0.0359325	-0.0207102	-0.0800315	-0.0352251	-0.0354093	0.0067703	0.0329547	-0.0193479	-0.0534982	-0.0138815	-0.0226551	-0.00680708	-0.00935984	-0.0135794	-0.0156201	-0.0426966	-0.0419468	-0.0424193	-0.00732016	-0.0798915	-0.0352986	-0.0633364	-0.0235488	-0.0021734	-0.0512487	-0.0226195	-0.0315402	-0.0654139	-0.0569491	-0.0654874	-0.0254973	0.0897815	-0.0390209	-0.0687391	0.101314	-0.0221185	0.0892366	-0.0293544	0.0206116	-0.0218091	-0.0293717	-0.0170495	-0.0128443	-0.0349426	-0.0044315	0.00442342	-0.0136046	-0.0147185	-0.0270197	-0.084066	-0.0301457	-0.0152942	-0.0425585	-0.0473421	-0.0674292	-0.00640768	-0.00813682	-0.0696534	-0.0216038	0.0924681	0.0067289	0.0169219	0.502148	-0.0167939	-0.0145249	0.00141331	0.0134718	-0.0252918	-0.0331377	0.000379198	-0.0190426	0.00524168	-0.0175516	0.0917645	-0.0204251	-0.0126557	-0.0119179	-0.03813	-0.00111967	-0.0637255	-0.00619736	-0.0128573	0.00350349	-0.00354905	-0.0239019	-0.0123905	0.0711627	-0.00626519	-0.00466248	0.147832	-0.000287542	-0.0155355	-0.00928798	-0.0153025	-0.0143887	-0.0604057	-0.00673572	-0.0141091	-0.00860909	-0.0619202	-0.0597134	0.000197122	-0.00775731	0.00371816	-0.0153455	-0.0123464	-0.0309051	-0.0266967	-0.0251447	-0.0345736
-0.0327486	-0.040597	-0.0467359	-0.022	1	-0.0190576	-0.0225977	0.32134	-0.0647696	0.226209	-0.0379899	-0.0245416	-0.0359315	-0.0343031	-0.0874963	-0.0232248	-0.0292837	-0.027596	-0.126538	-0.0534546	0.240601	-0.0338129	-0.0598082	0.55924	0.430234	-0.0360079	-0.0193565	-0.0127403	-0.0715541	-0.143942	-0.0461808	-0.100883	-0.102413	-0.0171375	-0.0234922	-0.048892	-0.0346091	-0.0727767	-0.150029	0.135834	-0.00212262	-0.0224974	-0.0839256	-0.0261656	-0.0167115	-0.110613	-0.0502649	0.164315	-0.0254605	0.139409	-0.0744101	-0.0140438	0.150417	-0.0509992	0.211226	-0.0219932	-0.0296712	-0.0335005	0.10508	-0.0625259	-0.050289	0.0306355	-0.0205374	-0.0178134	-0.0206836	-0.0422214	-0.0508479	0.132047	-0.046465	-0.0227068	-0.0719519	0.00796446	-0.0126072	-0.0136128	-0.0255351	0.00830709	-0.019825	-0.0195694	-0.0247588	-0.03581	-0.0152975	-0.0195872	-0.0519425	-0.0498927	-0.0461897	-0.0425726	-0.0204541	-0.11657	-0.031563	-0.101981	-0.0355343	-0.022042	-0.0328775	-0.0323402	-0.03145	-0.0965326	-0.0979484	-0.112052	-0.0327308	0.113445	-0.0443025	-0.0902891	0.113704	0.0540091	-0.0346	0.0952078	-0.000828252	0.0968403	-0.0341176	0.0708424	-0.0434638	-0.00953957	0.0339463	0.0301122	-0.0226056	-0.0147587	-0.0194525	-0.0275168	-0.0182015	-0.0177043	-0.0417169	0.0122177	0.0371385	0.166678	-0.0202121	-0.00932267	0.00516731	-0.00557524	0.0412019	-0.0291795	-0.0241426	-0.00987416	-0.0283722	-0.0219501	-0.0304344	-0.0333403	0.0872113	-0.013309	-0.0242155	-0.0210201	-0.0101242	-0.0163015	0.0317809	0.0071787	0.00561136	0.0507846	-0.0210491	-0.0117735	-0.0220684	-0.0148764	-0.0185117	0.0804781	-0.0484399	0.0257988	0.0170908	0.0164243	-0.0257136	-0.0503388	-0.0232255	-0.0108801	-0.0216535	-0.0260353	0.119081	0.0724118	-0.0167513	0.0170766	0.0697098	0.0398454	0.0905499	0.118771	0.00972646	0.125113	-0.0296958	-0.01926	-0.0400938	-0.00671281	-0.0339774	0.0420532
-0.0225915	-0.0161822	-0.00172786	-0.0202349	-0.0190576	1	-0.0152227	0.145421	-0.0118834	0.102439	-0.0121915	-0.0122819	-0.014971	-0.0135736	-0.0398884	0.724292	-0.0186704	-0.0193712	-0.0561703	-0.0120996	0.0995405	0.00342927	-0.0326006	-0.0173498	0.189537	-0.0202457	-0.0134337	0.0138801	-0.0221766	0.0884207	0.0288715	0.084234	0.0817926	-0.00202703	-0.0188624	-0.00748216	-0.0237417	0.0199562	0.0771599	-0.039032	-0.0427491	-0.0197437	0.0937639	-0.0166066	-0.0154739	-0.0494368	-0.0196533	-0.0161746	0.0306581	-0.0379222	-0.0329733	-0.00984187	-0.05486	0.0674014	-0.01967	-0.0103308	-0.00203736	-0.00458492	-0.0420485	-0.016152	-0.00606278	-0.0327973	-0.014169	-0.00515288	4.98725e-05	-0.0203321	-0.0179672	-0.0384963	-0.013288	-0.0185931	-0.0187598	-0.0150713	-0.0168477	-0.0130256	-0.00339077	0.00268624	0.0771423	-0.0249539	-0.0148566	0.00277117	-0.0138205	-0.0140328	-0.0125158	-0.0199478	-0.0243004	-0.0202718	-0.0123294	0.0599205	0.132949	0.0714535	0.026404	0.0015484	0.00726893	0.00144247	-0.015239	0.0359485	0.0269998	0.031162	-0.00949844	-0.00481861	0.00298713	0.0184382	-0.00183652	-0.0245959	-0.00732283	-0.00499415	0.0039518	-0.0193035	-0.00390244	-0.0258173	0.120943	0.0023674	-0.0154098	-0.0103752	-0.00870283	-0.0133334	0.0036459	0.0235579	-0.0131696	-0.0195379	-0.00643855	-0.00136576	-0.0128049	-0.000699385	-0.014915	-0.00635305	-3.39136e-05	-0.0230951	-0.0079878	0.00448454	-0.0174545	-0.00444623	-0.0173631	-0.00861672	-0.000388219	0.0579368	-0.00448711	0.0164035	-0.00503833	0.00650043	-0.0169038	-0.014363	-0.000795094	-0.020475	-0.0169519	-0.0120834	-0.00875885	-0.0178105	-0.0203326	-0.0135514	0.00824722	0.0140678	-0.00418336	0.00169619	-0.0219346	-0.0119992	-0.0150889	-0.0007085	-0.0152313	-0.0261265	-0.0071286	0.0148484	-0.00263055	-0.0166331	-0.00213552	0.0641701	0.0113818	-0.0114528	-0.0167964	-0.0162806	-0.0140128	-0.0158126	-0.000408965	0.0142524	-0.015033	0.00143418	-0.00460702	-0.0139054
-0.0068542	-0.0202093	-0.0236738	-0.0174135	-0.0225977	-0.0152227	1	-0.0721089	-0.0329102	-0.103567	-0.0211755	-0.00183008	-0.0159388	-0.0124713	-0.0474108	-0.0200843	-0.0186495	-0.0241197	-0.0642744	-0.0321301	-0.0980807	-0.0154288	-0.0388337	-0.0168842	-0.0442583	-0.0176272	-0.00662284	-0.0196189	-0.0290336	-0.0711757	-0.0283822	-0.0585072	-0.0588781	-0.00932253	-0.0158543	-0.0181852	0.468058	-0.0346145	-0.0851	-0.0307079	0.144981	-0.0127249	-0.0669234	0.544766	-0.0143176	-0.0557091	-0.0253545	0.0103916	-0.00202037	0.131449	-0.0431323	-0.0171859	0.0989483	-0.0738282	0.0287432	-0.00974535	-0.0056489	-0.00881322	-0.0558589	-0.0441736	-0.00926149	0.152009	-0.0298093	0.0126763	-0.00410985	-0.0248029	0.248107	-0.0526613	-0.00935313	-0.0146786	0.110085	-0.0125282	-0.0257191	-0.00381307	-0.0151117	-0.016121	-0.0316632	-0.0248606	0.0136144	-0.0181143	-0.0155347	-0.0258551	-0.0371286	-0.019969	-0.0227759	-0.00309095	-0.00533204	-0.0519304	-0.0258384	-0.0508308	0.0055073	-0.01237	-0.026545	-0.0176242	-0.0144077	0.0573907	0.0416153	-0.00466784	-0.0111934	-0.0293031	0.0394418	0.0389415	-0.0214122	-0.0105866	-0.0233823	0.0198906	-0.0235652	0.00101538	-0.0113847	-0.0139287	-0.0102377	-0.00535764	-0.000429434	-0.020947	-0.0175996	-0.00667047	-0.0120878	0.0360507	-0.0269283	0.00876253	0.0609757	-0.030589	-0.000758888	-0.00654071	-0.0123595	0.0645473	-0.0118495	-0.0436465	-0.0207543	-0.00235402	-0.00730976	-0.00903934	0.00181643	0.0155325	0.00587996	-0.00206559	0.0141845	-0.00792166	-0.0171755	-0.00779005	0.0202238	-0.0340641	-0.0193203	-0.0173217	-0.0105031	0.0478474	-0.0161708	-0.0145058	-0.017622	-0.0167985	-0.00622109	-0.00220855	0.000315366	0.00816987	-0.040674	-0.0209916	-0.0200594	-0.0151744	-0.0161956	-0.00822869	0.000139764	-0.00109089	-0.00378158	-0.0225758	-0.0066083	-0.00880626	-0.00586012	-0.0129469	-0.0164906	-0.00740101	0.0224806	-0.00469777	0.000114161	-0.0115234	0.0705091	-0.0108132	0.00346538	-0.00748319
0.249874	-0.108726	0.2275	-0.0892457	0.32134	0.145421	-0.0721089	1	0.414368	0.712497	0.278302	-0.115877	-0.0783838	-0.105915	-0.260499	0.188309	0.216655	-0.108285	0.00598492	-0.149605	0.623263	0.163954	-0.123908	0.177616	0.731565	0.236005	0.159518	-0.00138639	0.158405	0.169252	0.0934801	0.0215314	0.0205277	-0.0160095	-0.0654002	0.126545	-0.0862498	0.15864	0.145244	-0.105842	-0.0345567	0.000151075	0.0514345	-0.0594886	-0.0277236	-0.0976458	0.0616684	-0.00391354	0.109735	0.0749367	-0.155792	0.0592284	0.0928914	0.0800334	0.0273706	0.0786366	0.0623552	0.051094	-0.0238404	-0.00196102	0.0999786	-0.0258381	0.00440485	0.0145333	0.0885754	0.0192802	-0.142844	0.0193092	0.0962599	-0.0561815	-0.0998011	-0.0478369	-0.0603631	0.0049033	-0.0528159	0.00636688	0.0074562	-0.0412837	0.0747203	0.107085	0.0496505	-0.0175219	0.0270333	0.0983826	0.0979568	0.0433521	0.0644987	0.0683767	0.11414	0.0497123	0.0900714	-0.0505461	0.00794504	-0.017771	0.123757	-0.113114	-0.133941	-0.0667278	-0.00803819	0.0909447	-0.0521124	-0.15624	0.0772805	0.143981	0.0329104	0.115954	-0.00110328	0.136719	0.0443265	0.103855	0.00878966	-0.053216	-0.0462483	-0.00853634	-0.044276	0.0460319	-0.0238154	-0.111403	-0.0181479	0.0145069	-0.0948091	0.0257041	0.123692	0.0449911	0.0719926	-0.0199282	0.0741475	-0.0132135	-0.00995263	-0.0480101	-0.0435124	-0.0445283	-0.0322894	-0.03985	-0.0629889	0.0671768	0.0599133	0.0509506	0.0639845	-0.0471697	-0.0518484	-0.032457	0.12105	-0.0116903	-0.0273108	0.0164732	0.0205116	0.000310328	-0.0109048	-0.00598938	-0.0414899	0.0510568	0.0380733	0.0596335	-0.0148325	0.00532687	-0.00109233	-0.0481273	0.0459526	0.0113243	-0.0309619	0.0468665	0.0236868	0.0280578	-0.0234227	0.049343	0.0524689	0.0308959	0.040669	0.024358	-0.0406125	0.0256257	-0.045832	-0.0481545	-0.0898284	0.0172152	0.0203758	0.046972
-0.0461143	-0.0477244	0.126039	-0.0362412	-0.0647696	-0.0118834	-0.0329102	0.414368	1	0.29077	-0.039558	-0.0398765	-0.0276792	-0.050378	-0.118269	0.050765	-0.0317516	-0.0508499	0.174817	-0.0634993	0.0798027	-0.0321046	0.0551389	-0.0400482	-0.083614	0.564778	0.39893	-0.00494083	0.0172754	0.090612	0.0139115	0.0636334	0.0612567	-0.000993294	-0.02686	0.0269223	-0.0437495	0.0337241	0.0676106	-0.100353	-0.0929724	0.0120644	0.156652	-0.0308462	-0.0160254	-0.0725467	0.0220335	-0.0397992	0.0140168	-0.053867	-0.0904675	-0.0243537	-0.0597643	0.134007	-0.0357042	-0.00632445	0.0249834	0.0196482	-0.102498	0.0979967	0.0555334	-0.0445291	-0.0560366	-0.0199684	0.0364711	-0.00881024	-0.0697853	-0.0754443	0.0492473	-0.0339646	0.0109295	-0.0305784	-0.0203599	-0.0081995	-0.00239252	-0.0546125	0.0547291	0.0268727	-0.0353607	0.302101	-0.028835	-0.0325318	0.148148	0.0183591	0.0184262	0.0216335	0.0431869	0.0623577	-0.0354548	0.0562074	-0.00728655	-0.0122195	0.0635017	0.0937076	-0.0209086	-0.0818802	-0.0653967	-0.0558866	0.0663589	0.0874236	-0.0479938	-0.10525	0.0989066	0.0267677	0.0960694	-0.0171257	-0.00693627	-0.00697019	0.101559	0.0359822	-0.032429	-0.0573213	-0.014421	-0.0090626	-0.0230356	-0.00703603	-0.0563242	-0.131643	0.116411	0.122469	-0.0408287	0.0784567	0.107649	0.00311468	-0.0164681	0.0561653	0.173524	-0.0813791	-0.0134167	-0.0171287	-0.00875666	-0.0223286	-0.00339172	-0.0304744	-0.0227709	0.0509804	-0.034448	-0.0115595	-0.0146036	-0.0207934	-0.0295527	-0.0438817	0.232682	-0.00315355	-0.0114218	-0.022833	0.0421541	-0.0253138	0.0524842	-0.0355446	-0.00656207	-0.0180795	0.0490592	-0.0130054	-0.0522629	0.0109569	-0.0278416	-0.0417638	-0.00619245	-0.0204641	-0.00352953	0.0208551	0.00361687	-0.0242994	-0.00876552	0.00435634	0.00303129	-0.0176108	-0.0195948	-0.00412877	-0.0209304	0.00304964	-0.0276971	-0.0130903	-0.0259924	0.0876448	0.0501194	-0.00415583
0.179847	-0.160545	0.160955	-0.130819	0.226209	0.102439	-0.103567	0.712497	0.29077	1	0.200625	-0.163268	-0.117928	-0.150368	0.409192	0.139446	0.152672	-0.157748	0.571451	-0.210505	0.93847	0.114287	-0.217355	0.129249	0.52443	0.169937	0.114841	0.00259059	0.0721766	0.116609	0.043357	0.0708697	0.0793937	-0.0507392	0.000631894	0.0534126	-0.115974	0.066625	0.118303	-0.0839619	-0.0298668	0.0524776	0.0105384	-0.0705378	0.0589007	-0.0503741	0.0105673	-0.0428368	0.0822168	0.0602457	-0.0663627	0.00498718	0.0512178	-0.00331041	0.00541411	0.0387186	0.0299438	0.0201655	0.0327229	-0.0812674	0.0418332	-0.0282623	-0.0285117	-0.0230598	0.0688714	-0.0142584	0.0363116	-0.0468415	0.0363016	-0.0105282	0.0176612	-0.0228611	0.0508908	-0.0127203	-0.052636	0.00377532	0.0331492	-0.0758133	0.0328587	0.0882806	0.00165528	0.0365904	0.0580792	0.0406649	0.041577	0.0224881	0.0282852	0.0602797	0.157347	0.0509068	0.0383732	0.0629652	0.00577023	-0.0786396	0.0576797	0.0480869	0.0330399	0.0384573	0.00551425	-0.0566537	0.022384	0.0226138	-0.0570834	0.0789598	-0.0801438	0.0561933	-0.0237842	0.0915351	-0.0192955	0.101817	0.0553387	0.0161579	-0.0791705	0.0641055	-0.0742415	0.036717	-0.0236642	0.0133982	-0.0418787	-0.0379816	0.107554	-0.0627042	0.0135193	0.0451345	0.0396295	0.000609082	0.0244534	-0.00967347	0.0501474	-0.0696183	-0.0748809	-0.0117281	-0.029848	-0.0528663	-0.0772108	0.0660098	0.0189688	0.0861151	0.0800183	-0.0666665	-0.0189213	-0.0321881	0.0783635	0.0321974	0.00946246	-0.0241787	0.013917	0.0524813	-0.0188084	0.0123675	-0.0189687	0.0130422	0.0465793	0.0448487	-0.00137569	0.0317591	-0.0151636	-0.0868352	0.0208735	0.0708038	-0.0158475	0.0172154	0.0123434	0.0698307	-0.0503425	0.0335476	0.0154217	0.041062	0.0589129	0.0463831	-0.0613773	0.0688534	-0.0561379	-0.0612778	0.0842934	-0.0359058	-0.000875961	0.0573435
-0.0390796	-0.0223593	-0.0343046	-0.025073	-0.0379899	-0.0121915	-0.0211755	0.278302	-0.039558	0.200625	1	-0.0401778	-0.0199785	-0.0205402	-0.0742567	-0.0232619	0.83775	-0.0346419	0.345169	-0.03796	0.209254	-0.0244283	-0.0567948	-0.0196143	-0.101852	-0.0158394	-0.0135765	-0.0288585	0.258914	0.145351	0.0558312	-0.0494098	-0.0494364	-0.0107351	-0.0178475	0.271532	-0.0102597	0.248787	0.130656	-0.0750964	-0.0508482	-0.00120084	-0.0423361	-0.00142396	0.00284361	0.0663534	0.165654	-0.0297272	0.0999569	-0.0242421	-0.0493712	-0.0270258	0.0699653	0.0676543	-0.0358904	0.361049	-0.0242322	-0.0208514	-0.0677755	0.141284	0.212179	0.00583732	-0.0480919	0.0365334	-0.0183207	0.214142	-0.0321925	-0.0838238	0.324525	0.00114606	-0.015904	-0.0268367	-0.0422714	-0.00824398	-0.0313886	-0.0205171	-0.0615704	-0.0135315	-0.0383707	-0.0199267	-0.0257018	0.0520056	-0.0139196	0.150896	0.151994	0.262153	0.136704	0.0472005	-0.0365785	-0.0674305	-0.00989309	-0.0186989	0.00654762	-0.0155748	0.185119	-0.0251538	-0.0400826	0.0175964	0.000195902	-0.0281822	-0.0285443	-0.0729376	-0.0500046	0.148122	-0.0477991	-0.0559596	-0.0254812	0.219246	0.0574689	0.155847	-0.0404505	-0.0245066	-0.0177289	-0.0236085	-0.0215005	0.12626	-0.0200071	-0.055807	-0.045725	0.0132308	-0.0250629	-0.0802515	0.0733497	-0.00516246	0.0141358	-0.0719912	-0.0142031	-0.0459252	-0.022272	-0.0231732	-0.0105104	-0.0201878	-0.0216915	-0.00993844	-0.0229286	0.0708856	-0.0430633	-0.0303319	-0.0224679	-0.0281045	-0.0243752	-0.0434256	-0.00724618	-0.0277619	-0.02856	-0.0561632	0.0531014	-0.0683498	-0.0135639	-0.00821016	-0.00837792	0.144035	0.0593976	-0.0212336	-0.058772	0.0106119	0.107501	-0.012247	0.0197862	-0.0335341	-0.0226319	0.0600699	-0.0104234	-0.0606728	0.0312335	-0.0164571	0.136306	0.0381028	0.0267955	-0.0220832	0.0133541	-0.023279	-0.025131	-0.0247048	-0.0269076	-0.0149858	0.0301988	0.0663232
-0.0303992	-0.0183999	-0.0297982	-0.0274845	-0.0245416	-0.0122819	-0.00183008	-0.115877	-0.0398765	-0.163268	-0.0401778	1	-0.0222391	-0.0238481	-0.0640311	-0.0225101	-0.024638	-0.0155443	-0.0952467	-0.0288468	-0.154771	-0.023915	-0.0570921	-0.0104733	-0.0795909	-0.0255405	-0.0111777	0.147628	0.00962815	-0.0710199	0.0632293	-0.0944683	-0.0949987	-0.0112925	-0.0249214	-0.0444912	-0.0153438	0.0111328	-0.0827992	-0.0500307	0.183698	-0.00526862	-0.0810384	-0.00986205	-0.0105127	-0.0708839	0.0637107	0.466424	-0.030297	-0.0235398	-0.106522	-0.0292283	0.176257	0.122103	0.250521	-0.0316032	-0.0216129	-0.0257801	-0.0620124	-0.0587752	-0.0454818	0.142432	-0.062698	0.224292	-0.0150529	-0.0426995	-0.0347974	-0.0545134	-0.0506837	-0.0188462	-0.018217	0.135877	0.0644045	-0.0246586	-0.0332933	-0.0376671	0.172432	-0.013229	-0.0189099	-0.0177582	-0.0268057	-0.018099	-0.0372854	-0.0599623	-0.0609432	-0.0439766	-0.0279256	-0.044903	-0.0184582	-0.0257204	-0.0437181	-0.0167199	0.00137799	-0.0284157	-0.0493165	-0.0225826	-0.0256873	-0.0387434	-0.0318031	0.0284642	-0.00715636	-0.00352035	0.0492774	-0.0311089	0.0396787	-0.0295408	-0.0254847	-0.0343189	-0.0363101	-0.0317253	-0.0230348	0.00792315	0.463188	-0.0213976	-0.0115751	-0.0142467	-0.0265241	-0.016851	-0.0423354	-0.0203615	-0.0241089	0.0472236	-0.0358482	-0.024993	-0.0351382	-0.0305872	-0.016047	0.0323235	-0.0185147	0.0724408	-0.00264293	-0.00055786	-0.00752136	-0.0246367	0.060637	-0.0306656	-0.0344173	-0.00979272	-0.0319809	-0.019546	-0.032667	0.045917	-0.0175727	-0.0170851	0.110185	-0.0172533	-0.0184981	0.00886038	0.00519154	-0.01949	-0.0169995	-0.0230447	-0.0296879	-0.0131538	0.0385778	0.0982306	-0.027603	-0.00810213	-0.0122749	-0.00554433	-0.0133508	-0.0178929	-0.0337673	0.0184832	-0.00226334	-0.0198643	-0.0144553	-0.0256184	0.03291	0.130512	0.172593	0.0339525	0.0718863	0.102232	-0.0139684	-0.0391999	-0.00881403	0.0213864
-0.0170215	-0.0143695	-0.019359	-0.0213202	-0.0359315	-0.014971	-0.0159388	-0.0783838	-0.0276792	-0.117928	-0.0199785	-0.0222391	1	-0.0161471	-0.0494253	-0.0223361	-0.0204589	-0.0198465	-0.0715167	-0.0285533	-0.114067	-0.00905093	0.438402	-0.0227819	-0.0595758	-0.00999526	-0.0162327	-0.0260217	-0.0378985	-0.0453621	-0.0268195	-0.0358262	-0.0378577	-4.36133e-05	-0.0190494	0.000905056	-0.0230496	-0.0160583	-0.0556977	-0.0429601	-0.03883	-0.0148684	0.120507	-0.0116276	-0.00892444	-0.0707717	-0.0161832	-0.0252667	-0.0118901	-0.0411098	-0.0554538	-0.0188336	-0.0575925	0.0899851	-0.0236724	-0.00470486	-0.0135473	-0.0169331	-0.0410437	0.158961	-0.00639014	-0.058311	-0.0296148	-0.00975426	-0.00223046	-0.0173602	-0.0218984	-0.0467056	-0.000280795	-0.0114091	0.111682	-0.0202419	-0.0266299	-0.0139537	-0.000734234	-0.0260146	-0.0316774	0.3634	0.0685867	-0.0191123	-0.022314	0.000738767	-0.04142	-0.012793	-0.0144033	0.00285747	-0.016426	-0.0337792	-0.0178984	-0.0340145	-0.00931095	-0.0140903	0.0995312	0.168565	-0.0269209	0.00363037	0.00456441	-0.00279841	0.0112571	0.0287252	-8.6486e-05	-0.0149147	0.0481248	-0.0298362	0.0392273	0.0235353	-0.0195621	-0.0252107	0.0937201	-0.0220288	0.0263818	-0.0276058	-0.0124237	-0.0196097	-0.0173408	0.0230983	-0.022211	-0.0176803	-0.0140421	0.117051	-0.00868856	-0.017883	0.0124311	-0.0178777	-0.0213159	-0.00320824	-0.00681275	-0.0232964	-0.0195426	-0.0183167	-0.0166132	0.042896	-0.006337	-0.0169086	-0.0234255	0.0476422	0.0166897	-0.0147834	-0.014431	0.107673	-0.00989673	-0.0244936	0.00505594	-0.0203581	-0.0230998	0.0268412	0.0124549	-0.0115761	-0.0194082	-0.0102461	-0.0115149	-0.0103497	0.0506167	0.000305721	-0.0333387	-0.0159029	-0.0141029	-0.0166155	-0.0132121	-0.0167488	-0.00961754	0.0586797	-0.0120404	-0.0256242	-0.00887579	0.00410984	0.00363923	-0.00408922	-0.0130355	-0.0222154	-0.00988409	-0.0162035	-0.0247218	-0.01189	0.00641789	-0.0165562	0.03225	-0.00456369
-0.0282065	-0.0134484	-0.0186956	-0.0109582	-0.0343031	-0.0135736	-0.0124713	-0.105915	-0.050378	-0.150368	-0.0205402	-0.0238481	-0.0161471	1	-0.0632507	-0.0221087	-0.0154091	-0.0346415	-0.0829135	-0.0163735	-0.139514	-0.014571	-0.0628961	-0.0199247	-0.0799667	-0.0341495	-0.0304717	-0.0121606	-0.0427933	-0.0890306	-0.0375381	-0.0605856	-0.0571259	-0.0158595	-0.0104719	-0.0246138	-0.016694	-0.0461512	-0.0909681	0.0585666	-0.00459663	-0.00455521	-0.0257819	-0.0209787	0.00013881	0.0424552	-0.0326677	-0.0188502	-0.0157781	-0.00146924	0.0608202	-0.019716	-0.022954	-0.0538785	-0.0169159	-0.0206601	-0.0249032	-0.0127733	0.115691	-0.0360615	-0.0248981	-0.0454414	-0.0206992	0.00766201	-0.0167666	-0.0113352	-0.037035	0.123936	-0.0196658	-0.00992624	-0.0540732	-0.0197821	-0.0225582	0.0441946	0.00547405	-0.00829924	-0.0422013	-0.0022788	-0.0130143	-0.0188855	-0.0134577	-0.0114429	-0.0311897	-0.0258169	-0.0267026	-0.0240224	-0.00484805	-0.0521219	-0.0181849	-0.0479985	-0.0255166	-0.0191557	-0.040195	-0.0292856	-0.0299902	-0.0206119	-0.0233374	-0.0314585	-0.0111924	0.0192464	0.0311147	0.00119768	0.0245046	-0.034009	0.0227064	-0.00032715	-0.0160781	-0.0261345	-0.0295343	-0.0427986	-0.0173934	-0.0113569	-0.0177369	-0.0212472	-0.0154832	-0.0193373	-0.00191677	0.0212799	-0.0443728	-0.0102924	-0.0170646	0.0238989	-0.0124028	-0.00237033	-0.0326677	0.0110171	-0.0316149	0.0189319	-0.0119547	-0.0169738	-0.00962009	0.0777101	-0.00268878	0.00935229	0.00311733	-0.0156758	-0.0063624	-0.0131236	-0.00759829	-0.0100597	-0.0057621	0.0125953	-0.0173531	-0.014069	-0.0172511	-0.018108	0.0351503	-0.00457098	-0.0267196	0.107125	-0.0150311	-0.0149845	-0.00885267	-0.0252813	0.0103879	-0.00420203	-0.0139075	0.0211178	0.0382482	-0.00980955	-0.00812851	-0.00853012	-0.00533684	-0.017959	0.0024515	-0.00774067	-0.0207782	-0.00290735	-0.0164917	-0.0291325	-0.0216975	-0.0193367	0.00761431	-0.0154387	-0.0239971	-0.0328908	-0.0254911	-0.00902132
-0.0633207	-0.0714464	-0.0617522	-0.0561665	-0.0874963	-0.0398884	-0.0474108	-0.260499	-0.118269	0.409192	-0.0742567	-0.0640311	-0.0494253	-0.0632507	1	-0.0455644	-0.0680483	-0.0691015	0.706147	-0.0797218	0.440299	-0.0513904	-0.121976	-0.0462436	-0.185133	-0.0654432	-0.0451852	-0.00457599	-0.0845367	-0.110637	-0.0525046	-0.0136376	-0.00244777	-0.0446692	0.0965635	-0.0665678	-0.0421884	-0.0853658	-0.0796101	0.0405954	0.0124523	0.111101	-0.088287	-0.0257763	0.119376	0.0817574	-0.0490138	-0.0454257	-0.0535255	-0.00595984	0.12256	-0.0652845	-0.0263658	-0.130006	-0.0201415	-0.0515156	-0.012876	-0.0162587	0.0872454	-0.099414	-0.0573135	0.000694926	-0.0638128	-0.0479131	-0.0133176	-0.0435576	0.261423	-0.0890402	-0.0777478	0.0543265	0.174714	0.0302728	0.158304	-0.0276605	-0.0379981	0.00243933	0.00163982	-0.0457208	-0.0465739	-0.00817314	-0.0614461	0.0869572	-0.0442359	-0.0577097	-0.0589196	-0.0296848	-0.0462062	-0.0282984	0.0875548	-0.0184983	-0.0520199	-0.0361257	0.00272455	-0.0728514	-0.0791738	0.183541	0.178797	0.113642	0.0167793	-0.170006	0.0771412	0.204298	-0.165648	-0.068031	-0.184776	-0.0629715	-0.0225558	-0.0437696	-0.0841804	-0.04381	0.0658292	0.108632	-0.0398108	-0.0128681	-0.0391963	-0.0271899	0.00398744	0.18214	-0.0195886	-0.063469	0.293193	-0.103664	-0.170686	0.00427165	-0.044349	0.0567385	-0.0522414	0.0113687	-0.0149008	-0.0341246	-0.046409	0.0555748	-0.0281798	-0.0232998	-0.0304152	0.00476209	-0.0467008	0.0668456	0.0324171	-0.031112	0.0404735	-0.00508083	-0.0430375	-0.0106834	-0.0136905	-0.0517809	-0.0240617	0.0829302	-0.0353031	0.0237736	0.0392373	-0.0502185	0.0101764	-0.00938043	-0.00871506	-0.0192674	-0.0207507	-0.0706027	-0.0299774	0.0881425	0.00568359	-0.0475555	-0.00911794	0.0708524	-0.0221805	-0.0147537	-0.0472945	0.0293445	0.0197273	-0.0171757	-0.0372426	-0.0280153	-0.043606	-0.0327387	0.256981	-0.0534413	-0.028213	0.00420923
-0.024368	-0.0290293	-0.0173378	-0.0204929	-0.0232248	0.724292	-0.0200843	0.188309	0.050765	0.139446	-0.0232619	-0.0225101	-0.0223361	-0.0221087	-0.0455644	1	-0.0247452	-0.0276903	-0.0661805	-0.028373	0.139771	-0.0091744	-0.0297184	-0.0160265	0.245391	-0.0294871	-0.0217701	0.0969308	-0.0297536	0.0784913	0.0273738	0.0795441	0.0791805	-0.00586676	-0.011786	-0.0234943	-0.0309153	0.00412773	0.0667761	-0.0439363	-0.00399	-0.00720119	0.0775682	-0.0179457	-0.00613184	-0.0615785	-0.0270961	-0.0247838	0.114169	-0.00241179	-0.0416924	-0.0211868	-0.0313301	0.0411835	-0.0228399	-0.0113816	-0.0149771	-0.0154748	-0.04797	-0.0317469	-0.0128871	-0.00373639	-0.0249103	-0.0104155	-0.0140232	-0.0240929	-0.0339588	-0.0371527	-0.0178935	-0.0126513	0.00598176	0.0162043	0.00339454	-0.0118552	-0.00390265	-0.00741541	0.0678414	-0.0335215	-0.0245007	-0.00278016	-0.0245408	-0.0180533	-0.0184318	-0.0300476	-0.0329725	-0.0210285	-0.015316	0.0456298	0.107365	0.0555257	0.00169146	0.000930875	0.0418781	-0.0170172	-0.0260801	0.0170372	0.0137172	0.0189994	6.92771e-05	-0.0112202	0.0137042	0.0268785	-0.00370352	-0.0298424	-0.0133256	-0.011657	-0.00444193	-0.0230945	0.0292035	-0.0235663	0.116965	0.0286414	-0.0253662	-0.00627553	-0.0169029	-0.0131574	-0.00350215	0.0257488	-0.017028	-0.0301047	-0.016952	-0.0218819	-0.00835193	-0.00394659	-0.0260532	-0.0163929	0.00321861	-0.0192672	-0.0022084	0.0258595	-0.0221727	-0.0118654	-0.0193228	-0.00941535	0.00688221	0.0776847	-0.0132222	0.0105434	-0.017845	-0.00152949	-0.0109068	0.00430749	0.00066903	-0.0165863	-0.0180667	-0.0175569	-0.0143878	0.000646945	-0.0239035	-0.0168221	0.00557996	0.00231659	0.0277936	0.000930829	-0.0185189	-0.0216013	-0.0227927	-0.0138666	0.00102455	-0.0176534	-0.00685387	0.0751854	-0.0103391	0.0112558	-0.00493645	0.044873	-0.00194238	0.000518918	-0.00695309	-0.0192363	-0.0184626	-0.0115119	0.00863128	0.0250307	-0.0182084	-0.00902784	0.00292582	-0.020836
-0.0238144	-0.0142504	-0.0220592	-0.0124972	-0.0292837	-0.0186704	-0.0186495	0.216655	-0.0317516	0.152672	0.83775	-0.024638	-0.0204589	-0.0154091	-0.0680483	-0.0247452	1	-0.0265599	0.269091	-0.0309298	0.159098	-0.0152237	-0.0497451	-0.0139636	-0.0838657	-0.0148161	-0.00848829	-0.0315531	0.212202	0.119495	0.0285757	-0.0375122	-0.0348212	-0.0181068	-0.0178021	0.229913	-0.0166938	0.194951	0.105475	-0.0581086	-0.0386783	-0.00759888	-0.0321546	-0.00962334	-0.00541109	0.0589234	0.125672	-0.0209688	0.103033	-0.02726	-0.031256	-0.0117419	0.0426827	0.0564912	-0.0294547	0.277877	-0.0233231	-0.0186621	-0.0497743	0.104768	0.152711	0.00212403	-0.0433693	0.037869	-0.0219126	0.155113	-0.0367986	-0.0711751	0.25081	0.00302796	-0.01064	-0.023645	-0.0325239	-0.00210242	-0.035229	-0.0260606	-0.0469361	-0.007878	-0.0286812	-0.0236013	-0.0114836	0.0464187	-0.00509582	0.114377	0.114522	0.198362	0.110558	0.0370814	-0.0235704	-0.0492525	-0.0222069	-0.0103329	0.00880128	-0.0167954	0.154385	-0.0244404	-0.0321715	-0.00357697	-0.0129358	-0.0117459	-0.0325289	-0.0623865	-0.0279937	0.112551	-0.0253214	-0.0499762	-0.0173941	0.170496	0.0576166	0.108566	-0.0402778	-0.0332651	-0.0169142	-0.0152221	-0.00739472	0.115633	-0.0247287	-0.0501356	-0.0283539	0.00960697	-0.0181805	-0.0685436	0.056855	-0.0127623	0.0145944	-0.069139	-0.00422043	-0.0312299	-0.0142049	-0.0122802	0.00833162	-0.00842093	-0.0112583	-0.00483382	-0.0165694	0.0608008	-0.0445938	-0.0223727	-0.0162594	-0.018223	-0.022583	-0.0253622	0.00298946	-0.0172006	-0.0136977	-0.048855	0.0322658	-0.0590171	-0.0123866	-0.0156051	-0.00903943	0.102415	0.0530616	-0.0135594	-0.0356436	0.0136371	0.0966142	0.0045838	0.0180029	-0.0213735	-0.0162148	0.0784516	-0.0143485	-0.055198	0.0131104	-0.0160263	0.0949193	0.0118432	0.00677905	-0.0105486	0.0103685	-0.0223009	-0.0220552	-0.0260687	-0.0197575	-0.00132051	0.0285681	0.0427307
-0.0324198	-0.0330757	-0.0161243	-0.0338278	-0.027596	-0.0193712	-0.0241197	-0.108285	-0.0508499	-0.157748	-0.0346419	-0.0155443	-0.0198465	-0.0346415	-0.0691015	-0.0276903	-0.0265599	1	-0.0941776	-0.0368192	-0.146021	-0.0144359	-0.0523893	-0.00784388	-0.073638	-0.0274682	-0.0142932	-0.022859	-0.0521873	-0.0108996	-0.0371539	0.0253833	0.0289202	-0.0254537	-0.0121589	-0.0279132	-0.0274249	-0.0387615	0.0715441	-0.0650276	-0.0238695	-0.0140706	-0.08455	-0.00567389	-0.0178273	0.10229	0.118417	-0.0216966	-0.0213681	-0.0169157	0.0399382	-0.0156021	0.0447659	-0.0167475	-0.028032	-0.0225125	-0.0223199	-0.0245863	-0.0379139	0.0916682	-0.0351082	-0.0278297	-0.012401	-0.0303167	-0.0206261	0.166725	-0.0350163	-0.0287663	-0.00369033	0.186371	-0.0570789	-0.0160976	-0.0140967	-0.0200679	-0.0161482	0.00554032	0.0113963	-0.0215863	-0.00914277	-0.0339296	-0.0120686	-0.0304904	0.055188	0.0277369	0.0282301	0.0698893	-0.026123	0.088267	-0.0446064	0.058717	-0.0230646	-0.0107713	-0.047217	-0.0343964	-0.0297322	-0.00754536	0.00333627	-0.000774051	0.103566	0.0135904	-0.0127434	-0.0222095	0.00689777	-0.0312374	0.00287302	-0.00700444	0.00829026	-0.0207813	-0.0325323	-0.0296369	-0.0281563	0.0046946	-0.0205318	-0.0146362	-0.0173456	-0.0098239	0.00903321	0.0175954	0.0958736	-0.0237646	-0.0368966	0.0284776	0.0291135	0.0103878	-0.0275282	0.0278969	0.105167	-0.0205047	-0.00039908	-0.0171377	-0.0129936	-0.0119695	0.0179999	-0.0125594	0.00541633	-0.0369554	-0.00147153	-0.00287876	-0.0251998	-0.00962825	0.0280579	-0.00534742	-0.0233966	0.0107093	0.0036023	-0.0145376	0.0015779	-0.0101745	-0.012718	-0.0109673	-0.0175567	-0.00796557	-0.025728	-0.0250361	-0.0203268	-0.0173263	0.0454376	-0.0187047	-0.0107622	0.028975	0.00567974	-0.00389155	0.00156735	0.0166179	0.0067565	0.00614771	-0.00686792	-0.00269921	-0.00887413	-0.0176476	0.102287	-0.00536653	-0.0028049	-0.00487078	-0.03128	0.0997118	-0.0264554	-0.00470786
-0.0906118	-0.0955198	0.0517243	-0.076776	-0.126538	-0.0561703	-0.0642744	0.00598492	0.174817	0.571451	0.345169	-0.0952467	-0.0715167	-0.0829135	0.706147	-0.0661805	0.269091	-0.0941776	1	-0.115006	0.614502	-0.0687036	-0.167808	-0.064268	-0.279058	0.275165	0.192966	-0.0528972	0.0678751	0.0371483	-0.00198656	0.0174037	0.0277908	-0.0470719	0.0617333	0.0707999	-0.0565721	0.0532895	0.0432175	-0.022771	-0.0452863	0.0889701	-0.0369767	-0.0301561	0.0976326	0.0712	0.035201	-0.0741581	0.0146824	-0.0256195	0.0466198	-0.0839118	-0.0101851	-0.0367487	-0.0554923	0.0995008	-0.021591	-0.0221057	0.00823218	0.00208526	0.0659929	-0.00708202	-0.0755941	-0.0398513	-0.0203674	0.063676	0.164095	-0.13387	0.114794	0.0365985	0.131816	0.00199214	0.113354	-0.0299156	-0.00872874	-0.030227	-0.00767135	-0.0322748	-0.0706182	-0.0192723	-0.0756828	0.0761152	0.028153	0.0246995	0.0237509	0.108449	0.0479852	0.0251014	0.0332113	-0.0229257	-0.05892	0.113736	0.025998	-0.0459378	-0.00423909	0.16195	0.165901	0.132627	0.0612048	-0.168072	0.0603802	0.148053	-0.173502	0.0137803	-0.150229	-0.086952	-0.0417018	0.0419627	-0.0091613	0.10572	0.028306	0.0508449	-0.0563671	0.0960412	-0.0544521	0.0476563	-0.0263958	0.0859068	-0.0389297	0.00055853	0.206474	-0.132927	-0.0662682	0.00634874	-0.0282874	-0.0210821	-0.0378568	-0.0304197	0.0696155	-0.039137	-0.0481559	0.0195354	-0.00461747	-0.0314176	-0.0318281	0.0429798	-0.0651679	0.0383575	0.0145004	-0.0392825	0.0172729	-0.0211222	-0.0285753	0.0573246	0.0401377	-0.0807093	0.0383105	0.0291859	0.0296195	0.00805491	0.0216548	0.0082892	0.0333015	-0.0316169	-0.00937117	0.0558492	0.0165811	-0.0624323	-0.017267	0.0531567	0.00998533	-0.00281433	-0.00731281	0.0255583	-0.0171078	-0.0161201	0.00754508	0.0342301	0.0381805	0.01674	-0.0311102	0.0320747	-0.0300656	-0.0306809	0.174771	-0.0569595	-0.00737594	0.0507976
-0.0246252	0.693055	-0.0384644	-0.0293566	-0.0534546	-0.0120996	-0.0321301	-0.149605	-0.0634993	-0.210505	-0.03796	-0.0288468	-0.0285533	-0.0163735	-0.0797218	-0.028373	-0.0309298	-0.0368192	-0.115006	1	-0.194979	-0.0275793	-0.0645084	-0.0315272	-0.111976	-0.0252123	-0.015114	-0.0386573	-0.0421379	-0.0472371	-0.0397868	-0.0465914	-0.0442407	-0.0222936	-0.0373784	0.0144008	0.105118	-0.0207594	-0.0622819	0.109561	0.0941904	-0.0257041	-0.0698212	-0.0173995	-0.0124898	-0.0373649	-0.025239	-0.0276445	-0.00898672	0.109729	-0.00459105	-0.0297928	0.0681374	-0.0893512	-0.0179493	0.0429173	-0.0417544	-0.0387846	-0.0465985	-0.0348469	-0.00603886	0.147016	-0.036169	-0.0264727	-0.0298178	-0.00042676	0.028339	-0.0349713	0.0282064	-0.0136195	-0.0384263	-0.038434	-0.044213	-0.0162027	-0.0315682	-0.00476873	-0.0369561	-0.0196455	-0.0338818	-0.0199186	-0.0260046	-0.034267	-0.0237576	-0.0271617	-0.0278341	0.010275	0.0137194	-0.0476811	-0.0415747	-0.0531015	-0.0396455	-0.0231816	-0.0528874	-0.034026	-0.0125305	-0.0693675	-0.0638731	-0.068095	-0.0265603	0.082657	-0.039289	-0.0402139	0.0510052	-0.0166651	0.0301064	-0.042813	-0.0188443	-0.00502755	-0.0436703	-0.0188449	0.0506066	-0.0126891	-0.0265841	-0.0328156	0.283497	-0.00513514	-0.00133872	-0.0195983	0.202326	-0.0213504	-0.0372458	0.0610599	0.0245688	-0.0151395	-0.0261489	0.0793356	0.026435	-0.0191724	-0.0295719	0.0151631	-0.0347245	-0.0101467	-0.014934	0.0340928	0.0109365	-0.041307	0.0239336	-0.0397523	-0.0500929	0.0689349	-0.0201491	-0.0397369	0.00391366	-0.025635	-0.0267739	0.0323736	-0.00761537	-0.0617372	-0.00349551	-0.0115108	-0.0161345	-0.00656006	-0.0380986	-0.00382057	-0.0668323	-0.0219846	0.036271	-0.00698677	0.00444268	-0.0318308	-0.0232259	-0.0263399	0.0853175	-0.0568626	0.0235786	-0.0218755	-0.00161351	-0.04391	-0.0537493	-0.0272049	-0.0169159	-0.0173154	0.0045011	-0.0244512	-0.0346912	0.170272	-0.0101311	-0.0353877
0.18978	-0.150683	0.168327	-0.119984	0.240601	0.0995405	-0.0980807	0.623263	0.0798027	0.93847	0.209254	-0.154771	-0.114067	-0.139514	0.440299	0.139771	0.159098	-0.146021	0.614502	-0.194979	1	0.116881	-0.268744	0.140025	0.5547	0.174264	0.123658	0.0137938	0.084754	0.084394	0.0547749	0.0246331	0.0333377	-0.0513263	0.00825515	0.0563519	-0.108921	0.0789037	0.0876564	-0.0543333	0.00173062	0.0553127	-0.0519216	-0.0665087	0.0635604	-0.0225676	0.0204071	-0.0356826	0.0943596	0.092233	-0.0470952	0.00312512	0.0908685	-0.0499751	0.0117937	0.0330715	0.0382009	0.0280822	0.0608337	-0.0989151	0.0459686	-0.0024546	-0.0189257	-0.0236591	0.072104	4.52422e-05	0.0510427	-0.0285159	0.0452068	-0.00281404	0.0267379	-0.0160822	0.0639718	-0.0143559	-0.0491344	0.0145466	-0.00734461	-0.0694766	0.0417156	-0.0629434	0.00136409	0.0427003	-0.0241228	0.0468769	0.0477278	0.0302146	0.0288678	0.0282132	0.165871	0.0146181	0.0432608	0.0615852	0.00579567	-0.0960689	0.0606985	0.0734717	0.0544121	0.0630852	0.0109261	-0.0910051	0.038038	0.0544963	-0.09847	0.0841451	-0.1225	0.0664729	-0.0220119	0.0982825	-0.0279856	0.110644	0.062189	0.0314971	-0.0713282	0.0682345	-0.0698102	0.0429641	-0.0115473	0.0493334	-0.10169	-0.0510314	0.117587	-0.100281	-0.0172962	0.0498448	0.0475559	-0.037261	-0.0570758	0.017798	0.0537167	-0.0638192	-0.079111	-0.00652718	-0.0256918	-0.0486876	-0.0695917	0.0568988	0.0330155	0.0927853	0.0867563	-0.0586845	-0.0129058	-0.010649	-0.0271584	0.0353302	0.0128353	-0.0129487	0.0154727	0.0650781	-0.00407111	0.0212985	-0.0148115	0.0127781	0.0373892	0.0454779	0.021822	0.0317758	-0.0116291	-0.0754132	0.0245788	0.0764341	-0.0100202	0.0249036	0.0198843	0.0834296	-0.0437998	0.0392781	0.00579704	0.0553159	0.0685561	0.0380231	-0.0545623	0.0584922	-0.0480155	-0.055474	0.0903943	-0.0833656	-0.011205	0.0606187
