1	-0.0706896	0.60683	-0.106921	-0.0507518	-0.0400238	-0.0489715	-0.0543435	-0.0610264	-0.0671464	-0.0502368	-0.0763509	-0.0342991	0.730157	-0.0701175	0.502074	0.019081	-0.0596802	-0.0887085	-0.02358	-0.087002	-0.0849496	-0.0280889	-0.056734	-0.0325774	-0.0448894	-0.00125375	-0.0199702	-0.0942918	-0.0223196	0.0317158	0.0295073	0.0176158	-0.0834207	-0.0286565	-0.0118631	-0.0322399	-0.0104692	-0.0734527	0.0699525	-0.0284337	-0.0678261	-0.00220269	-0.0281973	-0.0122273	-0.0371454	0.0521198	0.0320335	-0.018007	-0.0195608	-0.0282814	0.036203	-0.0122903	-0.0378433	-0.002421	0.0566183	0.0125273	-0.0093886	0.0143209	-0.0401947	0.026266	-0.0169721	-0.0155111	0.0450168	0.0116945	-0.0283434	0.0182442	-0.0129538	0.0147832	0.018566	-0.0397885	-0.0138562	0.0204252	0.122098	-0.0376272	0.00744432	-0.0323891	-0.0288224	-0.0118547	-0.0267099	-0.00556488	-0.018444	-0.00340605	0.0251259	-0.0212691	-0.0138591	0.00299004	0.00890995	0.0324107	0.00296373	-0.000895884	-0.015168	-0.0118789	-0.0237521	-0.0186112	-0.0148855	-0.0352751	-0.0157753	0.0483644	-0.0502913	0.003189	0.0420459	0.0772345	0.0461083	0.081523	0.074358	0.00109322	-0.0162919	-0.0353566	-0.0176371	0.00975977	0.013402	0.0549752	0.0237285	0.0428045	0.00240967	0.075705	0.0562879	0.0505825	-0.0130014	0.0792176	0.0411441	0.0153793	0.0333722	-0.0188982	-0.00654167	-0.0248567	-0.0399813	-0.0218622	-0.00884757	-0.0169797	0.0755792	-0.0108974	0.137871	-0.0319485	-0.0321245	0.0461497	-0.00183071	0.00204082	-0.0183204	-0.0331305	0.0467825	-0.0123365	0.0315378	-0.00775746	0.0327758	0.0269566	-0.0166495	-0.0137979	0.00798423	-0.011757	-0.00913818	0.0369659	-0.0192784	0.023198	-0.0389611	-0.0045029	0.00515811	-0.00373407	-0.0232546	0.0402925	0.013482	0.00339962	0.0577722	-0.0161307	-0.0169546	0.0170993	0.0213841	0.0281852	-0.0288073	-0.0278605	-0.00412449	-0.0267936	-0.0254002	-0.0239226	0.000404057	-0.00940865	-0.00901908	-0.000717187	-0.0184355	-0.0267216	-0.00557906	0.0341609	0.037702	-0.0216202
-0.0706896	1	-0.126933	-0.0988628	-0.0561407	-0.0419953	-0.047927	-0.050354	-0.0471837	-0.0665914	-0.0519016	-0.104084	-0.0529154	-0.0442262	-0.0733526	-0.0744688	0.242997	-0.0706216	-0.0889872	-0.0377084	-0.106359	-0.0942156	-0.0639749	-0.0891111	-0.0462645	0.00550802	0.0115467	-0.0402573	-0.0769965	-0.00817178	0.100895	-0.0218824	0.0302405	-0.0735129	-0.0249388	0.0708647	-0.0112965	0.0861649	0.121251	-0.0278106	-0.023553	-0.0780154	-0.0400713	0.00082213	-0.0671376	-0.00316803	0.0371587	-0.00941335	-0.025216	-0.00777846	-0.041518	-0.00910626	0.0143527	-0.0250939	-0.0402857	-0.0141544	-0.000818411	-0.0138929	-0.0173249	-0.0168175	0.0170036	0.0244343	-0.00178534	0.00869525	-0.000469897	0.131273	0.0131497	0.0183484	-0.0263591	-0.00896002	0.0571519	-0.0389633	0.0102569	-0.0229846	-0.0191349	-0.0153643	-0.0274153	-0.0236249	-0.0490026	-0.0287744	-0.0499432	0.0080809	0.121111	-0.0262284	0.111544	-0.0128126	-0.00207027	-0.0177908	-0.0066991	0.0399165	-0.0389005	-0.00578951	-0.0175769	0.100521	-0.0420841	0.0231629	-0.0183338	0.0263269	0.0508279	-0.0134581	0.000224699	0.0196459	0.0485546	0.0186515	-0.00404594	-0.00421888	0.0349375	0.0572977	-0.00249769	0.0017887	-0.0215532	0.0253751	0.0387602	0.0189347	0.0304836	-0.00220657	0.0221582	8.65665e-05	-0.0207145	0.114838	-0.0164035	-0.012238	0.030369	0.00952325	-0.0271181	0.0103289	0.00731728	-0.037465	-0.0259897	-0.0176587	-0.0271135	-0.0304651	-0.0189852	-0.0351018	-0.0393366	-0.0342434	-0.0385991	0.0202307	-0.0145628	-0.0111397	-0.018296	-0.00575577	-0.0295199	0.0159408	0.0327884	-0.00820829	0.0456053	0.0147375	-0.025134	0.0409828	-0.0113105	-0.0277888	-0.0154758	0.0268729	-0.0168286	-0.00187929	0.035598	0.0109179	0.00664914	-0.0380059	0.0340322	-0.0125992	0.0226213	-0.0256532	-0.0294058	-0.0132454	-0.00867047	0.0258929	0.00187051	-0.0406829	-0.023732	-0.0272288	-0.0152446	-0.0159069	0.0126796	0.0187276	-0.0275705	-0.035636	0.0408811	0.00548401	0.0463548	-0.0217074	-0.00123896	0.00175571	-0.0477409
0.60683	-0.126933	1	-0.180019	-0.0854244	-0.0702939	-0.0850636	-0.101172	-0.0792992	-0.112411	-0.0791905	0.64066	-0.0693277	0.454382	0.514841	0.284656	-0.0894266	0.395195	0.15382	0.279989	-0.128404	-0.127623	0.1862	0.0120432	-0.08305	0.2333	0.0436277	-0.0548504	-0.132653	0.144019	0.0287541	-0.0054172	-0.0451256	-0.0969211	-0.0531933	0.0436685	0.0915442	0.0507769	0.0529146	0.0882998	-0.0497254	-0.112449	-0.0360425	-0.0328947	-0.0219638	-0.0714583	0.049209	0.00249309	-0.0468987	-0.0339666	-0.0455266	0.0858432	-0.00638814	-0.0394304	-0.0442541	0.0277143	0.0635119	-0.0222653	0.00162923	-0.0161409	0.020505	0.0500359	-0.0296243	0.00629405	0.0173323	0.0634031	0.0280266	-0.0428694	-0.0186274	0.00388011	-0.0340283	-0.0203507	0.0235286	0.0607617	-0.0404274	-0.00561242	-0.0352571	-0.0465841	-0.0414286	-0.0394539	-0.0459681	0.0631162	0.0234596	-0.0122355	0.0152013	-0.0375731	0.117524	-0.0144879	-0.00138746	0.0289014	-0.0302046	-0.0203021	0.0218848	-0.0132422	-0.0426025	0.0354618	-0.0514825	0.0112362	0.0769231	-0.05246	-0.0121876	0.0799416	0.0960886	0.0573474	0.0601811	0.104896	0.0321691	0.028351	-0.0175616	0.102063	0.0625954	0.00681979	0.0581936	0.0272625	0.0385063	0.01797	0.0594803	0.023265	0.0363637	0.0264145	0.0340636	0.0179094	0.0235234	0.0980394	-0.0361273	0.0469711	-0.0453376	-0.0466061	-0.00433156	-0.0332048	-0.0483354	0.0127983	-0.0170754	0.0742868	-0.0680783	-0.0557703	-0.01481	-0.0212978	-0.00223588	-0.0436457	-0.0684025	0.0130858	-0.0301164	0.0299143	0.016154	0.00807469	0.0496289	0.0225778	-0.0332401	0.0390667	-0.0351413	-0.0111992	0.00932811	0.0157058	0.0136581	0.0340128	0.039652	0.0454085	-0.0324901	-0.0367636	-0.0138647	-0.00315693	0.00729208	0.0160746	-0.0140817	0.0225343	0.0503556	0.00927287	0.00996725	-0.0374982	-0.0372146	-0.0287422	-0.0395408	-0.0251479	0.0207434	0.00400323	-0.0326834	-0.0371561	0.0325151	-0.0165803	0.0364605	-0.00626583	-0.0187186	0.00483075	-0.0595798
-0.106921	-0.0988628	-0.180019	1	-0.0629841	-0.0461362	-0.0517946	0.448483	-0.0502771	-0.107127	-0.0649425	-0.144624	-0.0601522	-0.0855313	-0.12183	-0.102958	0.121913	-0.118865	-0.193204	-0.1561	0.0660163	-0.0760622	-0.0901359	-0.106848	-0.00788169	-0.108533	-0.101246	-0.0779045	-0.0660559	-0.0355375	-0.113353	-0.0189329	-0.0601601	-0.0586272	-0.0636526	-0.0147466	-0.0484861	-0.0109382	-0.029138	-0.0388797	0.14629	-0.0485308	-0.0320013	0.0793516	0.0665742	-0.0470167	-0.0747949	-0.0569085	0.0561588	0.0316047	0.123364	-0.0235906	0.0324549	0.00831697	0.0231251	-0.0354026	0.094496	-0.0412742	-0.0396636	0.232772	-0.0780258	-0.0205866	0.0180193	0.0250245	-0.0114707	-0.0315062	-0.0464815	-0.00831552	-0.0288822	-0.0208233	-0.0637391	-0.00226436	-0.0639398	0.0122695	-0.000637902	-0.0838458	0.0315576	-0.0442356	-0.0481383	-0.0106704	-0.0494729	-0.022363	-0.0187059	-0.0448521	-0.0425463	-0.00832224	-0.011239	-0.0238153	-0.070146	-0.0400249	-0.0649849	0.0173815	-0.0176397	-0.0471114	0.121578	0.0146725	-0.0198402	-0.0635494	-0.04557	0.180581	0.032781	-0.0151401	-0.0471829	-0.0756736	-0.0321555	-0.0393774	-0.0114934	-0.0348406	-0.0643378	-0.0431427	-0.0195104	-0.0746475	-0.0216676	-0.0218659	-0.0389963	0.000703174	-0.0547286	-0.0440454	-0.0119849	-0.00984037	-0.0329243	-0.0657954	-0.0361685	-0.0288586	-3.00073e-05	-0.0378438	0.00138578	0.0855228	-0.00322206	-0.00952601	-0.00429585	-0.0159579	-0.0282709	0.00159363	-0.0195649	-0.0154521	-0.0104688	0.0471254	0.0133287	-0.0226797	0.255157	-0.0221072	-0.00487238	-0.0617847	-0.0437415	-0.0283117	-0.0267289	-0.0386652	-0.0275821	0.00444149	-0.00897281	-0.0270922	-0.0249135	-0.0434197	-0.0256175	-0.0291687	-0.0228893	-0.0396043	-0.0225612	0.00118225	-0.03864	-0.00425941	-0.0109769	-0.0217041	-0.0231435	-0.037198	0.00464028	-0.00541823	-0.0419794	-0.000621017	-0.0142784	-0.0168582	-0.0166093	-0.00930852	0.00855206	0.0298077	0.0482054	-0.0451319	-0.0539104	0.00889783	-0.0390627	0.00347721	-0.0371584	0.033029	0.0842746
-0.0507518	-0.0561407	-0.0854244	-0.0629841	1	-0.0176118	-0.0368409	-0.0317442	-0.02243	-0.0452495	-0.034986	-0.065551	-0.0383238	-0.0409279	-0.0586395	-0.0623783	-0.149862	-0.0644232	-0.131851	-0.0849301	-0.0938123	-0.0853272	-0.0360326	-0.0769596	-0.0620093	-0.0724393	-0.0626359	-0.0329183	-0.076135	-0.00839917	-0.0909413	-0.0169689	-0.0462989	-0.0743467	-0.0106148	-0.0139391	0.0955437	-0.0105775	0.202115	-0.00576339	-0.0346492	-0.0793727	-0.0282741	-0.0326809	-0.0325657	0.123692	-0.0381349	-0.038086	0.00138191	-0.0350099	-0.0173123	0.0537837	-0.0297953	0.0239622	-0.017366	-0.0122346	-0.0757157	-0.031303	-0.0544552	-0.0231915	-0.0411761	-0.0153298	-0.021356	-0.0133732	-0.0362575	-0.0272407	-0.02988	0.112102	-0.0264882	-0.0233401	-0.0537523	-0.0229074	-0.0190091	-0.0180291	-0.0304654	-0.0437326	-0.0136931	-0.00143284	-0.0399826	0.00407713	0.471317	-0.0397101	-0.0259563	-0.00233928	-0.0365515	-0.0199301	-0.0136438	-0.0275358	-0.0639778	-0.0477573	-0.0349171	-0.0302615	0.0603465	-0.0372748	-0.00785876	-0.0211652	-0.00810139	-0.0730575	-0.0767544	-0.0235857	-0.0231101	-0.0396432	-0.077275	-0.0964096	-0.0175747	-0.0503157	-0.0629572	-0.0202715	-0.0443475	-0.0292441	0.0717651	-0.0863149	-0.0235876	-0.0464098	0.0131623	-0.0281469	-0.0425574	-0.029259	0.0051882	-0.0266967	-0.0300469	-0.0677716	-0.0288006	-0.0410131	-0.0154304	0.00447048	-0.0143966	0.198937	-0.00904554	0.0146412	-0.0229781	-0.0122444	-0.000445597	-0.0266022	0.145398	0.15472	-0.0404811	-0.0133013	-0.0212852	-0.0070868	-0.00795015	-0.0382252	-0.0261292	-0.06197	-0.0340637	-0.0390111	0.0139153	-0.0378071	-0.0128443	-0.01903	-0.0130476	-0.00780368	-0.0367814	-0.04268	-0.0571705	-0.0334877	-0.0267027	-0.0110032	0.060633	-0.00672723	-0.0183017	-0.0285211	-0.0732336	-0.0390676	-0.0283592	-0.039733	-0.0202686	-0.0523432	-0.0635849	0.173675	-0.0273946	-0.0329523	-0.0100849	-0.0161394	-0.0344008	-0.0316747	-0.0232322	0.3341	-0.0142164	-0.0280472	-0.0263258	-0.00572741	-0.0024627	-0.00927109	0.0962832
-0.0400238	-0.0419953	-0.0702939	-0.0461362	-0.0176118	1	-0.0215419	-0.0294755	-0.0275994	-0.0269299	-0.0162475	0.360289	-0.0248191	-0.0308848	0.399668	-0.038322	-0.100318	0.342313	0.124075	0.185245	-0.060552	0.225024	0.296499	0.199807	-0.0232003	0.201492	0.236303	-0.0221679	0.18157	-0.0142172	-0.0575375	-0.0171366	-0.0343859	-0.0109129	-0.00259987	-0.0250477	-0.0185052	-0.0231635	-0.0678009	-0.00742852	-0.0144627	0.164064	0.346258	0.0203877	0.0441897	-0.012049	0.0466964	0.10243	-0.0194558	0.20518	0.0768094	0.0178398	0.00398885	-0.0147877	-0.0219539	0.22348	-0.0465713	-0.0280237	0.0523017	-0.0198383	0.0347074	-0.0170768	-0.0153475	-0.00118683	0.0109765	-0.0236475	0.0145713	-0.0247979	-0.014083	-0.0104503	0.0774427	0.0480634	0.0364037	-0.0018801	0.00186336	0.0528156	0.106243	-0.01815	0.0869927	-0.000110847	-0.0173265	-0.015506	-0.017224	0.163924	-0.032695	0.0109834	0.00782236	0.00114925	0.0256372	-0.0189562	0.058728	-0.0109892	0.0040316	-0.0131415	-0.0159533	0.000781152	-0.0156667	0.0103097	-0.0296068	-0.0419174	0.207774	-0.0209991	-0.0251867	0.005968	-0.00893483	-0.0173812	0.0330731	0.00143476	0.0322656	0.00899475	0.016558	0.0209652	-0.00324717	-0.00219445	-0.00490528	-0.012801	-0.00185657	0.000562947	-0.020809	-0.0199468	0.00736403	0.023315	-0.00515577	-0.00543814	-0.0188259	-0.022425	-0.00372872	-0.0444424	-0.0100365	-0.00515366	0.084556	-0.0113047	0.230178	-0.00120293	0.0806338	0.10348	0.0791261	0.178669	-0.00130063	-0.00281843	-0.0200452	0.0900748	-0.0179207	0.0429278	-0.0335134	-0.00768742	-0.0221106	-0.0130475	-0.0104325	-0.00492174	0.0577812	-0.00913022	0.0796019	0.0483395	0.0843368	0.00369332	0.00726424	0.0240409	-0.00537163	-0.0186499	-0.0140828	-0.0197063	0.0568291	0.0084786	-0.0129355	0.0316229	0.00238902	-0.0194447	0.00346498	-0.0132619	-0.00765156	0.0227522	-0.015534	-0.023124	0.13459	-0.00514025	-0.0232703	-0.00580849	-0.0353463	-0.0073308	-0.0149117	0.106939	-0.010493	-0.000493745	-0.0344723
-0.0489715	-0.047927	-0.0850636	-0.0517946	-0.0368409	-0.0215419	1	-0.0473037	-0.0106701	-0.0357963	-0.0349746	-0.0691912	-0.0326918	-0.0358996	-0.0595759	-0.0434692	-0.036699	-0.0619138	-0.107666	-0.0782491	-0.0709913	-0.06878	-0.0365126	-0.0604914	-0.0466406	-0.0694447	-0.0644986	-0.0323091	-0.021386	-0.0116881	0.211048	-0.0199644	-0.0423067	-0.022788	-0.014994	-0.00141758	-0.0265526	-0.00120199	-0.0590952	-0.0128234	-0.034474	-0.0411208	-0.0306496	-0.0595092	-0.00693972	0.00461035	-0.0452572	-0.00502851	-0.00699616	-0.0186672	0.00220632	-0.035342	0.150127	-0.0176139	-0.020057	-0.0138755	0.0580115	0.00256757	-0.0467673	0.0864915	-0.0429173	-0.00482678	-0.00944853	-0.0340792	-0.0519527	-0.0056086	-0.0535915	0.0128162	-0.0273365	-0.0108293	-0.0320302	-0.0295575	-0.0476735	-0.014726	-0.0292042	-0.054038	0.00769059	-0.021015	-0.016627	-0.000929959	-0.0206696	0.113261	-0.00102408	-0.0119468	-0.0222859	-0.0133152	-0.0126544	-0.0119725	-0.0363822	-0.0414533	-0.0046323	-0.016972	-0.0252925	-0.024232	0.00611015	-0.0174701	0.00696441	-0.0483675	0.0227172	0.0282825	-0.0136046	0.118392	0.023414	0.0216673	-0.0210622	0.0562613	-0.0383959	0.0451616	0.0209485	-0.0174755	-0.02822	-0.0131839	-0.0317449	-0.0357549	-0.0392127	0.0702937	-0.0668877	-0.0543233	-0.0207067	0.0697882	-0.0246577	-0.0676329	-0.0569534	0.107199	-0.0101576	-0.0107739	0.248357	-0.018615	-0.0097794	-0.0329258	-0.0257264	-0.0428788	-0.00464656	-0.0213241	-0.0289058	-0.0108525	-0.0370186	-0.0230768	-0.0129605	-0.00124423	0.0297439	-0.048264	-0.0159826	-0.0339811	0.0242456	-0.0124763	-0.0203039	-0.0346151	-0.00908541	-0.0179294	0.00687459	-0.0178225	-0.00647746	0.0282641	-0.00445565	-0.0138232	-0.0334852	-0.0127695	-0.026137	-0.00392496	-0.0269931	-0.0181801	0.0436409	-0.0235638	-0.009675	0.0194892	-0.00495606	0.0383815	0.0235313	0.00222257	0.00276202	-0.00331782	-0.00328177	-0.0120373	-0.0256773	0.0389166	0.0162324	-0.010885	0.0204025	-0.00681765	0.0484781	-0.0051993	-0.0154098	-0.0371584	-0.00863638
-0.0543435	-0.050354	-0.101172	0.448483	-0.0317442	-0.0294755	-0.0473037	1	-0.0341879	-0.0568143	-0.0406903	-0.0870257	-0.0355779	-0.0506893	-0.0644774	-0.0607739	-0.107708	-0.0731509	-0.120954	-0.0887292	0.298568	-0.0512095	-0.0435626	-0.0592777	0.0224751	-0.0527172	-0.0341376	-0.039214	-0.0637098	-0.0191581	-0.0568607	-0.024652	-0.00886816	-0.0643472	-0.0311136	-0.0138073	-0.0232749	-0.00689037	0.10909	-0.0248402	0.32623	0.0317544	-0.0101001	-0.00497135	-0.0283871	0.0582961	-0.0316534	-0.021851	0.113847	0.0823004	-0.0151742	-0.0198818	0.075316	-0.0193075	0.0841948	-0.000394494	-0.0120425	-0.0140339	-0.044801	-0.0320787	-0.0314967	-0.00547982	0.254329	-0.0232786	-0.0412632	-0.0305186	-0.0272604	0.0313142	-0.00288932	-0.00808221	-0.0256468	-0.0101738	-0.0440283	0.00479606	-0.00758561	-0.0503401	-0.00574423	-0.0236749	-0.0228887	-0.0145835	-0.0208997	-0.0406613	-0.00936528	-0.00758134	-0.0352472	-0.0132595	-0.0133498	-0.00409449	-0.0406822	-0.0304533	-0.0223069	0.0572902	-0.0162664	-0.0304955	0.0817108	0.0191694	0.00547345	0.021168	-0.0345086	-0.0366103	0.0735078	-0.0266661	-0.0340975	-0.0459428	-0.0180323	-0.0538113	-0.00550443	-0.00925714	-0.0327717	-0.0195972	-0.0167452	-0.0182423	-0.0221934	0.031283	-0.0300337	0.0418454	-0.00253917	0.00924755	-0.0169586	-0.00222241	-0.0154368	0.0439172	0.00960591	-0.0254576	0.125774	-0.0225685	0.000885194	-0.0575054	-0.0103376	0.0245705	0.108052	0.0061213	-0.00092707	0.0105479	0.0927461	0.0898093	0.0902792	0.106343	0.0423876	-0.0104078	-0.0283552	0.0605841	0.0367083	0.0444911	-0.00135267	-0.01569	-0.0121557	-0.023681	0.00485125	0.0284536	0.0822111	-0.0114481	0.0506596	0.0478934	0.0558766	-0.0226134	-0.00680195	-0.0189618	-0.0201557	0.00488559	-0.0178456	0.00205992	0.0671349	-0.0176411	0.0134002	0.0471303	0.0350441	0.00485064	0.018161	-0.00181126	-0.01229	0.0131955	0.013904	0.00178776	0.0563583	0.0402618	0.0605723	-0.0310515	-0.0331287	0.0337138	-0.0233563	-0.00127123	-0.023746	-0.00289099	-0.0113335
-0.0610264	-0.0471837	-0.0792992	-0.0502771	-0.02243	-0.0275994	-0.0106701	-0.0341879	1	-0.0342978	-0.0345899	-0.0552326	-0.0152572	-0.0465198	-0.0506428	-0.0481246	-0.123806	-0.0496142	-0.0845057	-0.0672246	-0.0592466	-0.0448647	-0.0298318	-0.0424191	-0.0264192	0.0373563	-0.0586419	-0.0229808	-0.0506968	-0.017935	0.0583266	-0.0245273	-0.0322612	-0.0408494	0.0051352	0.00050422	-0.0178539	-0.00016907	-0.0731667	-0.0214749	-0.0328606	-0.041696	-0.0189151	-0.0761687	-0.0182891	-0.0686281	-0.0376893	-0.0226352	0.00471371	-0.0218836	-0.0205185	-0.0285891	-0.0115339	-0.00262362	-0.0102101	-0.0249187	0.129395	-0.030495	-0.0546803	-0.00532706	-0.0473349	-0.014151	-0.00742813	0.115074	-0.0319671	-0.0166819	-0.0273949	0.0564576	-0.0238892	0.0349269	-0.0355567	-0.00818754	-0.0448879	-0.0199525	-0.0149433	-0.0489699	-0.0135311	0.0187027	-0.0363775	-0.00168496	-0.0167114	0.00830388	-0.0293906	-0.0103045	0.00485218	-0.0347607	-0.0140165	-0.0219175	-0.0467386	-0.0233657	-0.0393978	-0.0190818	-0.0324775	-0.00931659	-0.00637985	-0.020486	-0.00406214	-0.0502742	-0.0147715	0.121369	-0.0187297	0.0203593	-0.0187413	-0.0345354	-0.00927283	-0.00272304	-0.0334092	-0.00597263	-0.0282066	-0.0181532	-0.0138665	-0.0388586	-0.0188511	-0.0124229	-0.0319285	-0.00806161	-0.0343371	-0.0229297	-0.0244664	-0.0263107	-0.0101407	0.0338178	-0.00411511	-0.0134504	-0.0272191	-0.0171203	0.0123648	0.106633	-0.0115342	-0.0269526	-0.0482631	-0.0279624	-0.0199628	-0.0231437	-0.0516561	-0.0396686	-0.0498785	-0.0195365	-0.00061426	-0.00427214	-0.0184879	-0.0542312	-0.019636	-0.0827084	-0.0420871	0.000810911	-0.0373566	0.111562	-0.00722467	-0.0292487	-0.03728	-0.0158238	-0.0216053	-0.0486912	-0.0167809	-0.0127867	-0.0268122	-0.00366492	-0.0199928	-0.0258364	0.00703918	0.0310981	-0.0360311	0.0069765	-0.0173509	-0.00535921	-0.023041	-0.0225919	-0.0283721	-0.00581106	-0.0151117	0.00021015	-0.00797406	0.303357	-0.0195069	-0.00767936	-0.016852	-0.0206642	-0.0467785	-0.0115961	0.00285075	-0.016153	0.00318747	-0.00610421	0.0785255
-0.0671464	-0.0665914	-0.112411	-0.107127	-0.0452495	-0.0269299	-0.0357963	-0.0568143	-0.0342978	1	-0.0416426	-0.0886856	-0.0527221	-0.0536142	-0.0778832	-0.0677357	-0.16123	-0.0872278	0.251734	0.249676	0.0252168	0.0545416	-0.0646587	0.0270741	0.0126874	-0.0840114	0.332976	0.672131	-0.017813	-0.0224312	-0.0223654	-0.0248186	0.491909	-0.0193599	0.413245	-0.0310321	-0.0305278	-0.0166062	-0.102754	-0.0250939	-0.0582336	-0.0240679	-0.0253599	-0.0449316	-0.0605623	-0.100109	0.121026	0.124521	-0.040588	-0.019965	-0.0454438	-0.0325132	-0.0419329	-0.00391049	-0.0447875	-0.0355073	-0.0280308	0.0138611	0.0864316	-0.0209812	0.0994232	-0.0107445	-0.0149933	0.0457458	0.0674789	-0.0368171	0.0483693	-0.111934	-0.0169995	0.00448424	0.0308179	0.0115419	0.108635	-0.0316512	-0.022023	0.126417	-0.0194768	-0.01692	0.078393	0.223976	0.0147268	-0.0384907	-0.0130129	0.147923	-0.0446238	-0.00569138	-0.0199856	0.0564801	0.119871	0.0415997	0.126616	-0.0293813	-0.0179137	0.0972711	-0.0587409	-0.00814419	-0.0271936	0.0658166	0.0254942	-0.00694195	-0.02216	-0.0522318	0.0267352	0.070267	-0.0221545	-0.0233953	0.0554701	-0.0342476	0.0780372	-0.0248172	-0.0234529	0.131432	0.0253542	0.0350798	0.0314753	-0.0366086	0.0625886	0.0491728	-0.0131237	-0.0174321	0.0444125	0.0928973	0.0517506	-0.053319	-0.0374961	0.00951561	-0.0228473	0.0115268	-0.0238805	-0.0225359	-0.0426322	0.0127522	-0.00978846	-0.032906	-0.0427859	-0.033272	-0.0149688	-0.0255882	-0.0344336	0.223298	0.00648593	0.0182964	0.0825005	0.0313501	0.0451668	0.0584218	-0.013285	0.0643481	0.126561	0.0170504	-0.0320622	-0.0202635	0.0134215	-0.0544	0.0503056	0.0512955	0.0529791	-0.0182866	-0.0144739	-0.0271539	-0.0330271	0.0548608	-0.0020098	0.0946966	-0.0267999	-0.0220588	0.0142106	0.0332745	0.0439543	0.0437647	-0.0343181	0.0702348	-0.022884	-0.025119	0.0211477	-0.042802	-0.0403332	-0.0124537	-0.0295464	-0.0141149	-0.0348048	-0.0206072	-0.0184255	-0.0022636	-0.0512119
-0.0502368	-0.0519016	-0.0791905	-0.0649425	-0.034986	-0.0162475	-0.0349746	-0.0406903	-0.0345899	-0.0416426	1	-0.0559378	-0.0254958	-0.0397855	-0.0517556	-0.0474181	0.167075	-0.0471824	-0.0756622	-0.0730376	-0.0299381	-0.0205004	-0.0319386	-0.0284048	-0.0371299	-0.0641432	-0.0584227	-0.0310426	0.250058	-0.0079014	-0.0476294	-0.0231649	-0.0398217	0.248927	-0.0202738	-0.00885715	-0.00697814	-0.00164647	-0.0874485	0.00297461	-0.0334376	0.239747	-0.00910724	0.125848	-0.0390845	0.115115	-0.026194	-0.0334477	-0.0203114	-0.013587	-0.0253809	0.0227472	-0.00653253	-0.0198251	-0.0304046	-0.0234703	-0.067878	-0.034945	-0.0603014	-0.0263412	-0.0389953	-0.0201935	-0.00735574	-0.0286529	-0.040651	-0.028047	-0.0327476	0.098764	-0.0225717	-0.00831478	0.133835	-0.0418867	-0.02801	0.0108391	-0.00717034	-0.0617751	-0.02088	0.530271	-0.0599949	-0.00356	0.0109312	-0.0423307	-0.0231742	-0.0193829	0.247764	-0.0209479	0.000411461	0.018622	-0.038186	-0.0179793	-0.0450912	-0.00869845	-0.0198076	-0.0187844	-0.0232167	-0.0335226	-0.00257156	-0.0560682	-0.0247137	-0.00185399	-0.0181184	-0.0290745	-0.0229366	-0.0504191	0.0168001	-0.00814198	-0.0288918	-0.0473376	-0.0575044	-0.0189569	-0.0120547	-0.0544382	-0.0420313	-0.0226314	-0.0418454	-0.0180879	-0.0457349	-0.0204065	0.0650042	-0.0312736	0.00159245	-0.0587	-0.0503149	-0.0398643	-0.0344016	0.00123264	-0.0150039	-0.0032905	-0.00561891	-0.0234545	-0.0480014	-0.0167794	-0.003389	-0.000766454	-0.0526879	-0.0435637	-0.0435316	-0.0127152	0.0195395	-0.00139832	-0.00188877	-0.0513912	-0.0202342	-0.0650335	-0.00714575	-0.00795864	-0.0412158	-0.0415877	-0.0167778	-0.0228838	-0.026134	-0.00402597	-0.0492623	-0.0445125	-0.0502708	-0.00642136	-0.0407793	-0.0175086	-0.00694492	-0.027061	0.284043	-0.0108729	-0.0628116	-0.00563035	-0.0241369	-0.0368481	-0.022368	-0.0281727	-0.0580452	0.0265011	-0.0194115	0.0170131	-0.009626	0.000431629	-0.0102795	0.00836355	-0.0137223	-0.014699	-0.00472737	-0.0113476	0.000807114	-0.0109067	0.364369	0.0186052	0.0814872
-0.0763509	-0.104084	0.64066	-0.144624	-0.065551	0.360289	-0.0691912	-0.0870257	-0.0552326	-0.0886856	-0.0559378	1	-0.0621455	-0.0814407	0.85195	-0.0937326	-0.164166	0.690307	0.325255	0.454264	-0.1129	0.00764365	0.36806	0.144536	-0.0842503	0.400272	0.155634	-0.0565438	-0.00313215	0.182708	-0.0194823	-0.0424892	-0.0762451	-0.0494764	-0.0396684	0.0515123	0.127964	0.0595938	0.0826507	0.0454145	-0.049741	-0.00552895	0.094568	-0.0162912	0.00612834	-0.059371	0.0401035	0.0177653	-0.0444099	0.0611884	0.00361158	0.0774438	0.00593341	-0.0259166	-0.0536076	0.0779882	0.0386691	-0.0323412	0.0167388	0.00786968	0.0208662	0.0628383	-0.0214096	-0.0454572	0.02308	0.088239	0.0309062	-0.0576546	-0.0368557	-0.0175798	0.03122	0.00922502	0.0257705	-0.0261215	-0.0152461	0.0121175	0.0295706	-0.0324696	-0.00308018	-0.0251156	-0.0590483	0.0910667	0.0238215	0.0323315	0.0274861	-0.0296225	0.142105	-0.0221576	-0.0115901	0.0256431	-0.00991334	-0.0197366	0.0367827	-0.00193932	-0.0380499	0.0411604	-0.0380244	0.0328647	0.0464987	-0.0376092	0.0703986	0.055643	0.0467261	0.0401904	-0.00105863	0.0553577	0.0556171	0.0421698	0.0120207	0.128741	0.0712436	0.00426472	0.019211	0.00830678	0.00277802	0.0148573	0.00552174	-0.00855615	0.0114256	0.0337631	-0.00151457	-0.00441039	0.00987463	0.0887253	-0.0340165	0.0546321	-0.0307322	-0.0510897	0.0102621	-0.0371587	-0.00741059	-0.0419959	0.082234	-0.0249252	-0.0206758	0.00449609	-0.0124416	0.051968	-0.00188083	-0.0351544	-0.0603531	0.0160266	-0.0332288	0.0327573	0.0188913	-0.0107114	0.0210816	0.0317759	-0.0300499	0.0327543	-0.00527615	-0.00945118	0.0127908	0.0574428	0.034303	0.0740854	0.0363936	0.0555826	-0.0396421	-0.0348541	-0.05122	-0.0236238	0.0276289	-0.0213403	-0.00907275	0.0492327	0.0405808	-0.0141752	-0.0117508	-0.0246092	-0.0236484	-0.0119139	-0.0309998	-0.0243428	0.101953	0.00611407	-0.0324657	-0.04013	0.0281812	-0.011087	0.0591347	0.0361744	-0.0525436	-0.0305115	-0.0670355
-0.0342991	-0.0529154	-0.0693277	-0.0601522	-0.0383238	-0.0248191	-0.0326918	-0.0355779	-0.0152572	-0.0527221	-0.0254958	-0.0621455	1	-0.030821	-0.0524689	0.536368	-0.10774	-0.0552295	-0.0664633	-0.0604228	0.0901599	-0.00572799	-0.0233413	-0.0502809	-0.0103633	-0.0560674	-0.0585426	-0.0489192	-0.0474604	-0.0104421	0.110164	-0.0270203	-0.0496438	-0.0459669	-0.021049	-0.0180647	-0.0228373	-0.0190125	0.190665	-0.0214743	0.132346	-0.0226875	-0.00308262	-0.0415815	0.134736	-0.00788933	-0.01455	0.0225768	-0.0208229	0.00553141	-0.00430491	-0.0389188	0.0545358	-0.0234248	-0.0307135	0.0758202	-0.0391491	-0.0283574	0.0416246	-0.0333154	-0.0239911	-0.00938369	-0.0148541	0.017221	0.0599993	-0.0264356	0.0597857	0.000889684	-0.0243101	-0.0136384	-0.0325514	0.139524	0.0129937	-0.00703272	-0.00105142	0.0484819	0.0297701	-0.0243457	0.0775962	-0.012545	-0.00350245	0.00493304	0.00095496	0.00132837	-0.0390418	0.00484706	-0.0178134	-0.00849324	-0.0198871	-0.0110496	-0.0143766	0.0253156	-0.0140507	-0.0105114	-0.00553362	-0.0230764	-0.00393835	-0.0283933	-0.0158408	-0.0330204	0.0047361	0.00205476	-0.0187681	-0.0227444	-0.0105268	-0.00915261	-0.00230268	-0.0225838	-0.0295431	-0.0134717	-0.0161141	-0.030274	-0.0212674	-0.0352869	-0.0259147	0.0485153	-0.0337372	-0.0178361	-0.00137439	-0.0111841	0.011701	-0.0387238	-0.0481583	-0.00741056	-0.0297007	-2.47768e-05	-0.0124315	-0.0302794	0.0296038	-0.00895593	-0.0230813	0.0057122	0.00889571	-0.00531596	-0.0296249	-0.027393	-0.011572	-0.0173183	0.0711391	0.0196702	-0.0267567	-0.0226006	0.000514144	-0.0433591	-0.0217979	0.0344065	-0.0174523	-0.00436041	-0.00197377	-0.0138417	-0.0191007	-0.0198145	-0.0149867	-0.0409214	-0.0180209	-0.0155191	-0.0283316	-0.0036559	0.00218237	-0.0243643	-0.0266671	-0.0249643	-0.0204324	0.00755046	-0.00488782	-0.00543177	-0.0140459	-0.00293229	-0.00546951	-0.0240686	0.00211656	-0.0053348	-0.010709	-0.0052284	-0.0160226	0.0259192	-0.00909669	0.0108392	-0.0337107	0.00598761	-0.0133808	0.0688686	-0.0145925	-0.00738768	0.0464178
0.730157	-0.0442262	0.454382	-0.0855313	-0.0409279	-0.0308848	-0.0358996	-0.0506893	-0.0465198	-0.0536142	-0.0397855	-0.0814407	-0.030821	1	-0.0617073	0.694378	-0.0621797	-0.0774043	-0.0724686	-0.0149054	-0.0558957	-0.0675101	-0.0509473	-0.0686172	-0.0385327	-0.016675	0.022718	-0.00751915	-0.068138	-0.0234135	0.0341287	0.0636209	0.0471555	-0.0517025	-0.0180807	-0.00409303	-0.0281495	-0.00493651	-0.0215224	0.0992787	-7.16418e-05	-0.0637894	0.0147527	-0.0407171	-0.0265889	-0.0667121	0.0322873	0.0582943	-0.00287717	-0.0214136	-0.0257727	-0.0207489	-0.00467537	-0.0278873	0.00535357	0.0743601	0.0754992	-0.00354125	-0.017334	-0.0255922	0.00550486	-0.0153133	-0.0179406	0.0678445	-0.0311403	-0.0208428	-0.0275842	-0.00917955	0.00884086	0.0235118	-0.0238434	-0.0314224	-0.0328047	-0.00350485	-0.0287063	-0.018721	-0.0256967	-0.021599	-0.0110075	-0.0117408	0.0132025	0.0148533	-0.00431378	0.045974	-0.0372043	-0.0006849	0.0132161	-0.0274631	-0.0136224	-0.0247183	0.0174958	-0.0195692	0.00374199	-0.0157946	-0.0095458	0.00641178	-0.025643	-0.0184772	-0.001737	-0.0305317	-0.0125886	0.00224786	0.0303929	0.00784145	0.118635	0.0149826	0.00774204	-0.00788027	-0.018009	-0.0172735	0.0258413	0.0233256	0.0600642	0.0542145	0.0640969	0.013234	0.0733828	0.0403604	-0.00365637	-0.0173352	0.00493393	0.0529421	0.0407426	-0.028253	-0.0201753	-0.00296156	-0.0210036	0.000380182	-0.019201	0.00483129	-0.00527731	0.0415324	-0.0127947	-0.00145905	-0.01703	-0.0230094	0.025127	-0.00330195	0.0072606	-0.0107559	-0.02852	0.0320215	-0.00533411	0.0109527	-0.0209331	0.00639552	0.0550605	-0.00873881	0.004612	0.0262997	-0.0127822	-0.0130248	0.0291118	-0.0245276	-0.00166727	-0.029626	0.0128522	0.00036551	0.00881401	-0.0311135	0.0294676	0.0137057	-0.0206663	0.00819671	-0.0195788	-0.00332482	0.0436969	-0.0210915	-0.0136552	-0.0158861	-0.0183234	-0.00980974	-0.0262757	-0.0158075	-0.012275	-0.00285544	-0.0100954	0.00363487	-0.0226261	-0.0249865	-0.0192138	-0.0113028	-0.00159624	0.0695742	0.0264662
-0.0701175	-0.0733526	0.514841	-0.12183	-0.0586395	0.399668	-0.0595759	-0.0644774	-0.0506428	-0.0778832	-0.0517556	0.85195	-0.0524689	-0.0617073	1	-0.0805148	-0.224785	0.809286	0.420156	0.560517	-0.102344	0.0413305	0.444733	0.189331	-0.0854638	0.513056	0.205981	-0.0547218	0.0158441	0.224805	-0.0411713	-0.0424967	-0.0743695	-0.0578283	-0.0335224	-0.0327607	0.15579	-0.0282992	0.0818338	0.0540148	-0.0430729	0.010969	0.120322	0.0245133	-0.00361675	-0.0118581	0.034039	0.019103	-0.0424877	0.0741352	-0.00572927	0.0941887	0.0126886	-0.0308858	-0.0578163	0.103693	-0.00623574	-0.0383036	0.00936625	0.0221182	0.0176477	0.0123264	-0.0181651	-0.0457043	0.0105611	0.147032	0.0202687	-0.00983841	-0.0421894	-0.0225962	0.076623	0.00763304	0.0289217	-0.0232823	-0.00625523	0.00716079	0.0214825	-0.0330185	0.00415957	-0.0232477	-0.053841	0.0349863	-0.00802175	0.0567574	0.0730729	-0.0307226	0.168404	-0.0306152	-0.00652539	0.0156819	-0.00297264	-0.017514	0.0508445	-0.0203105	-0.0428291	0.0572935	-0.0341021	0.0186595	0.000225873	-0.0429635	0.0795315	-0.00209285	0.00397785	0.00284352	0.0111822	0.0212124	0.0463735	0.0258848	0.0107469	0.161123	0.0916069	-0.0155186	-0.00820805	0.0260515	-0.0283319	0.0193946	-0.00352216	-0.00787846	0.0160382	0.00972511	-0.0170006	-0.00511357	-6.84891e-05	0.0470762	-0.0284652	0.0503081	-0.0272344	-0.0394266	0.00889938	-0.0376895	0.00122214	-0.0546012	0.116722	-0.0256879	-0.0111251	0.0170053	-0.0132403	0.0628043	0.00549154	-0.0151287	-0.0583616	0.00281776	-0.0219842	0.0193396	0.0134957	-0.022626	0.0186044	0.0100818	-0.0117335	0.0449509	0.0121556	-0.0187576	0.0133184	0.0480888	0.0296185	0.100235	0.0147884	0.0018095	-0.0457969	-0.0246536	-0.0351947	-0.0298687	0.046223	-0.0204483	-0.0106118	0.043152	0.0536604	0.00616657	0.000927244	-0.0323855	-0.011015	-0.0185494	-0.0254752	-0.0241029	0.125574	0.0184345	-0.0281629	-0.030605	0.0133891	-0.0120946	0.100211	0.0608881	-0.037177	-0.0268542	-0.0638228
0.502074	-0.0744688	0.284656	-0.102958	-0.0623783	-0.038322	-0.0434692	-0.0607739	-0.0481246	-0.0677357	-0.0474181	-0.0937326	0.536368	0.694378	-0.0805148	1	-0.133565	-0.095445	-0.102642	-0.0523757	0.0100047	-0.0604874	-0.0592587	-0.0972584	-0.0427604	-0.055579	-0.019857	-0.03129	-0.0932869	-0.0179619	0.14109	-0.0112546	0.0109575	-0.0854881	-0.0292479	-0.0114289	-0.0313892	-0.0154038	0.109429	0.0775711	0.0718655	-0.0572733	0.0267947	-0.0407576	0.0570193	-0.0748527	0.0422561	0.0598486	-0.0322097	0.00419214	-0.0242255	-0.0263933	0.0109725	-0.0321908	-0.0298472	0.103043	0.034224	-0.0161869	0.0352278	-0.0364329	0.0157969	0.0468715	-0.015304	0.0365036	0.0357644	-0.037907	0.0407561	-0.0478249	-0.020525	0.014629	-0.0421973	0.0605333	0.00617904	-0.0102131	-0.0213064	0.0369347	-0.00214081	-0.0369811	0.0381226	-0.0242934	-0.0118476	0.0158142	0.0332485	0.028545	-0.0614154	-0.00365882	0.00621146	0.00765041	-0.0185264	-0.00443519	0.00720815	-0.00467401	-0.00791112	-0.000237532	-0.0280018	-0.00628193	-0.0319541	-0.0118773	0.0255832	-0.0517799	-0.00958663	0.00952165	0.0485198	0.0260287	0.101741	0.0353847	0.0272337	-0.0236722	-0.0339634	-0.00812635	0.0151082	0.026454	0.0388935	0.0211166	0.0352091	0.0228281	0.052309	0.0355461	0.00210653	0.000110474	0.0447712	0.0334051	0.000655324	-0.020467	-0.0197241	-0.00659906	-0.0266827	-0.0385739	0.00405909	-0.0134825	-0.0213149	0.0475572	-0.00772106	-0.00248371	-0.0384041	-0.0347513	0.0244005	-0.0230651	0.0381615	-0.00352343	-0.0424007	0.0330633	-0.0221586	0.00333183	-0.0205805	0.0512601	0.0300296	-0.00700201	-0.0150132	0.0179377	-0.015873	-0.0281011	0.0312293	-0.0293486	0.00523825	-0.0261421	-0.00345082	0.00394553	0.00928628	-0.0391355	0.00102467	-0.0010026	-0.0340893	0.0383558	-0.0284394	0.000774358	0.028479	-0.0296932	-0.00559739	-0.0371685	-0.00911661	-0.0110464	-0.0393688	-0.0208086	-0.0266273	0.00359288	-0.0289313	-0.00433717	-0.0159889	-0.0148486	-0.0289835	0.034014	-0.0232073	0.0361048	0.026964
0.019081	0.242997	-0.0894266	0.121913	-0.149862	-0.100318	-0.036699	-0.107708	-0.123806	-0.16123	0.167075	-0.164166	-0.10774	-0.0621797	-0.224785	-0.133565	1	-0.249973	-0.168859	-0.22158	-0.0364797	-0.0181641	-0.199676	-0.0917972	0.0908682	-0.165425	-0.13461	-0.131194	0.0920464	-0.0399238	-0.0139925	-0.0670175	-0.0486466	0.0434701	-0.106085	0.0371428	-0.0507539	0.0619483	-0.0643764	-0.0790532	-0.0214008	0.0194292	-0.0491521	0.105137	-0.0313536	0.0455413	0.0133468	-0.0176075	-0.0319913	-0.042274	0.0541702	0.0416833	0.0180165	0.0328051	0.0357177	-0.0232232	-0.0335929	0.0621425	0.00347907	0.0714787	0.0280359	0.00242227	-0.0281964	-0.0423284	-0.0161856	0.0396121	-0.0350633	0.0187332	0.0821614	-0.0527124	0.0874656	-0.0851948	0.00264031	0.0480849	-0.0312338	-0.0265359	-0.0190272	0.113603	-0.04864	-0.0731412	-0.0568825	-0.0102616	0.0238738	-0.0715662	0.108232	-0.00554578	-0.0246512	-0.0132275	0.029193	0.0305261	-0.0196276	0.0175893	-0.0280315	0.0412121	0.0184801	-0.000102731	0.0284714	-0.0131466	0.0305731	0.0268933	-0.0206197	0.0304325	0.0346292	-0.00821746	-0.00516169	0.0238459	0.0112149	0.0182359	-0.0313036	-0.0300974	-0.022436	-0.018451	0.002637	-0.0156738	-0.0123668	0.0119927	-0.0261629	-0.0257321	0.0058938	0.0382523	-0.00447627	-0.063603	-0.0234418	0.0359204	0.038947	-0.0444845	-0.00492037	-0.0589258	-0.0515072	-0.0243628	-0.0300352	-0.0252724	-0.0194447	0.0560803	-0.0516926	-0.0421929	-0.0345574	-0.0194292	-0.00195005	-0.0628259	0.107288	-0.0155505	-0.0497852	0.00300914	0.000558506	-0.052154	-0.00529041	-0.042484	-0.0859249	-0.0123577	0.0480727	0.0652251	-0.0425928	0.0267216	-0.0451302	-0.0252271	0.00208989	0.015581	-0.00561636	0.0822791	0.0956136	-0.0264667	-0.00719895	-0.028708	-0.021003	-0.0493434	-0.0229172	0.00830493	-0.0180345	-0.0470294	-0.0473091	-0.0461342	0.0128036	-0.0603605	-0.0369256	0.0326428	0.00540355	-0.0378794	0.0544379	0.0369124	0.00117623	-0.00767068	0.0784479	-0.019399	-0.0100179
-0.0596802	-0.0706216	0.395195	-0.118865	-0.0644232	0.342313	-0.0619138	-0.0731509	-0.0496142	-0.0872278	-0.0471824	0.690307	-0.0552295	-0.0774043	0.809286	-0.095445	-0.249973	1	0.495814	0.695931	-0.156527	-0.016244	0.646593	0.32028	-0.0954695	0.64807	0.229141	-0.0649662	-0.0405416	0.205122	0.00427935	-0.0602397	-0.0770978	-0.063114	-0.0427082	-0.0394851	0.193827	-0.0383866	0.0361081	0.146691	-0.0614508	-0.0142223	0.106237	0.0218803	-0.0320748	-0.0165837	0.0584912	0.0375571	-0.0469653	0.0640411	0.00900942	0.0746142	-0.0033124	-0.0370372	-0.0643244	0.0879472	-0.00480743	-0.0371854	0.0137541	0.0127771	0.042704	0.038978	-0.026656	-0.0389597	0.0020291	0.118698	0.00908607	-0.0114348	-0.0471495	-0.0299554	0.0677131	-0.029047	0.0254008	-0.0193511	-0.0247509	-0.00364189	0.0428162	-0.0307569	-0.0211162	-0.0148497	-0.0549949	0.0254808	0.0222244	0.0510407	0.0534106	-0.0339599	0.159966	0.0295361	0.00255813	0.0220339	-0.00321221	-0.0340538	0.0417792	0.0126055	-0.0524283	0.0487879	-0.0327641	0.00729261	0.0133045	-0.0174348	0.0732219	-0.0121497	0.0166686	0.0024721	-0.0181855	0.0202317	0.044847	0.0133792	-0.005158	0.135409	0.085789	-0.00755759	0.00932559	-0.00961555	-0.0169093	0.0131323	0.00165503	-0.00574715	0.0257691	0.024965	0.0311793	-0.0124011	-0.01417	0.022269	-0.0130439	0.0878342	-0.0324162	-0.0181777	-0.0256181	-0.0546109	-0.0234072	-0.0309221	0.0994118	-0.0354026	-0.0378476	-0.00270445	-0.00937119	0.0541021	0.00549633	-0.0253568	-0.0634732	0.0182089	-0.0466616	0.0286972	0.00926257	0.0161499	0.00718335	0.0245358	-0.0263559	0.0349237	0.0147721	-0.0433128	0.013313	0.0427259	0.0406204	0.0863	0.0180582	-0.00111044	-0.0456796	-0.00603603	-0.0352085	-0.0314274	0.00490722	0.00546913	-0.0313224	0.0321932	0.0489163	-0.0240955	-0.0208343	-0.0319217	-0.0260814	-0.0146496	-0.0190285	-0.0222759	0.111078	0.0064578	-0.0258664	-0.0418674	0.0282565	-0.0231333	0.0907967	0.0489412	-0.0351487	0.026068	-0.0544298
-0.0887085	-0.0889872	0.15382	-0.193204	-0.131851	0.124075	-0.107666	-0.120954	-0.0845057	0.251734	-0.0756622	0.325255	-0.0664633	-0.0724686	0.420156	-0.102642	-0.168859	0.495814	1	0.715607	0.366706	0.525348	0.366139	0.482855	0.301787	0.487872	0.414519	0.277729	0.288633	0.117781	-0.127585	-0.0743681	0.339461	0.267662	0.153965	-0.0599487	0.0955457	-0.0489059	-0.146292	0.08298	-0.11055	0.218455	0.0315246	0.0490911	-0.00638751	0.00442554	0.0861525	0.0853857	0.0255887	0.0320127	-0.0650773	0.037136	-0.0397947	0.0335982	0.0586521	0.0494727	-0.101866	-0.0553345	0.0517986	-0.073007	0.0601225	-0.00646651	-0.0274108	-0.00993425	0.0466176	0.0374358	0.0522637	-0.0268611	0.0568014	-0.0500867	0.0401448	0.0279254	0.103802	-0.0406211	-0.0500312	0.0815894	-0.0247447	-0.0811258	0.0360824	0.107778	-0.0812035	-0.0384957	-0.0279608	0.120058	-0.00722052	-0.00967756	0.0566008	0.105678	0.0521247	0.0422867	0.0384241	-0.00519684	0.0253498	0.00841261	-0.00657347	0.00935035	0.0298723	0.0453139	0.0294031	-0.0668801	0.0175757	-0.0701396	0.0344811	0.0632127	-0.0410334	0.0369129	0.0161496	-0.04099	0.0303849	0.0877828	0.0593379	0.0633456	-0.0359934	0.00546332	-0.0193762	-0.00758314	0.0281076	0.0428117	0.0521755	-0.033431	0.0848422	0.0553963	-0.0131531	-0.0374779	-0.0531211	0.0666137	-0.0433856	-0.0961204	0.102528	-0.0164395	0.00756401	0.0269091	0.0588293	-0.0580121	-0.017146	-0.00710224	0.0396262	0.00147745	-1.35654e-05	0.0824551	-0.0943976	0.0477756	0.0210975	0.0964697	0.0502822	0.0869886	-0.0117041	0.0230668	0.0207055	0.0193158	-0.0350144	0.0364635	0.0535713	0.0518608	0.0796132	0.0905867	-0.000802907	-0.0445791	-0.00965475	-0.0446572	-0.0301314	0.00255978	0.00154706	0.0878396	-0.0114642	0.0468326	0.0415448	-0.0164886	0.039924	-0.0632559	-0.0336846	0.06532	0.0270028	-0.0372889	0.0592405	-0.0211619	0.0118439	-0.0460582	0.0495917	0.0224009	0.0392579	0.0229928	-0.0693812	0.00506512	-0.099188
-0.02358	-0.0377084	0.279989	-0.1561	-0.0849301	0.185245	-0.0782491	-0.0887292	-0.0672246	0.249676	-0.0730376	0.454264	-0.0604228	-0.0149054	0.560517	-0.0523757	-0.22158	0.695931	0.715607	1	-0.218333	-0.0849962	0.548599	0.230252	-0.127692	0.716465	0.637775	0.404648	-0.112334	0.195501	-0.0849907	-0.0643902	0.502725	-0.117697	0.235848	-0.0444758	0.164191	-0.033731	-0.042047	0.141711	-0.0940462	-0.0831056	0.0734291	0.00788754	-0.110338	-0.0293171	0.133902	0.169388	0.00442984	0.0345948	-0.0761452	0.0418184	-0.0331751	-0.0391751	-0.0245434	0.120699	-0.0557723	-0.018445	0.0536135	-0.0307069	0.114359	0.0246929	-0.0345144	-0.036119	-0.00319002	0.0991805	-0.00769916	-0.0460428	-0.040762	-0.0403486	0.133288	-0.0622896	0.083373	-0.0396604	-0.0274933	0.0655961	-0.0343075	-0.0584527	0.0380793	0.163213	-0.0715406	-0.0282222	0.00608176	0.206941	0.0612597	-0.032012	0.0904753	0.0829856	0.0788554	0.0109619	0.122633	-0.055645	0.0304073	0.0288863	-0.0204611	0.0338614	0.0341475	0.0338941	-0.000398746	-0.02456	0.0493736	-0.0628225	0.00380835	0.0369633	-0.0218248	0.00172788	0.014681	-0.022188	0.0548226	0.12648	0.0659533	0.0700599	0.00931632	0.018619	0.0185808	-0.0104655	0.0484497	0.0357549	0.0111891	-0.00896041	0.0654526	0.068276	0.0185508	-0.0213163	-0.0415313	0.104355	-0.0339369	-0.0497763	-0.0415606	-0.0517819	-0.0291825	-0.0132921	0.10388	-0.053175	-0.04872	-0.0182407	-0.00388971	0.0279269	-0.0261431	0.137497	-0.0697511	0.043261	0.0119464	0.0574114	0.0339261	0.0528142	0.0104271	0.0328807	0.0674142	0.05633	0.00141596	-0.068819	0.0372922	0.0078056	0.0752335	0.055782	0.0442983	-0.0313808	-0.0210862	-0.0227655	0.0142817	0.0200706	0.00987586	0.0617878	-0.0477558	0.0245699	0.0640458	-0.00271676	0.0253065	-0.0499323	-0.0215678	0.0534916	0.0355746	-0.0351563	0.058136	-0.0266115	0.0056788	-0.0555336	0.00055487	-0.0364345	0.0819044	0.0528597	-0.0458508	0.0370175	-0.0678459
