1	-0.0666306	-0.291079	-0.0397333	0.606956	-0.041736	0.411406	-0.0566287	-0.260064	-0.123881	-0.0866314	-0.0743404	-0.0540361	-0.0378963	-0.0500311	-0.0599243	-0.0524597	-0.049957	-0.112566	0.759636	0.248743	0.567635	0.413068	-0.113166	-0.0489194	-0.165716	0.377276	-0.014153	0.29231	-0.00807832	0.401898	-0.0266821	-0.0697462	0.183259	-0.0477414	0.169863	0.305359	-0.0623271	-0.0773305	-0.0629293	-0.0552106	-0.0926652	0.611663	-0.16977	-0.100133	0.531876	-0.0119397	-0.0384708	0.231475	0.0370832	0.281525	0.142537	-0.024701	0.0618608	0.14676	-0.051172	-0.057936	-0.024497	-0.0875605	-0.0146758	-0.0500416	-0.0237213	0.210045	-0.0433861	-0.0542069	-0.0518194	-0.0494194	0.02938	-0.0594454	0.27421	-0.0882318	-0.0350223	-0.0621474	-0.0185833	-0.0446551	0.00746051	0.0117734	-0.0515635	-0.0336135	-0.0316578	-0.0872742	0.0329673	0.189486	0.0399592	-0.139788	-0.00508501	0.0137964	-0.052407	-0.0142024	0.0138723	-0.0616001	0.0557134	-0.0511268	-0.0407075	-0.0958566	-0.049765	0.0723324	-0.0416958	-0.0052919	0.0429818	-0.0291939	0.238774	0.198437	-0.00438233	0.0537712	-0.0523476	0.0351274	0.0481351	-0.0083918	-0.0420767	0.161343	-0.0438772	0.0362952	-0.0302882	-0.0405893	0.0872632	-0.0425217	0.0320626	0.0122535	0.078343	-0.0578684	0.133578	-0.0180651	0.0885065	0.0540615	-0.0375161	-0.0229694	-0.08338	-0.0948917	-0.0256471	-0.0498132	0.126781	0.085135	0.00180703	-0.0296573	-0.00613373	-0.0181226	-0.0256443	-0.11842	-0.00749706	0.0345243	0.00238081	-0.0345727	0.121844	0.108618	0.0709546	-0.0110481	0.0458914	-0.0229959	-0.0900418	-0.0583489	0.00194055	-0.0766224	-0.0340594	0.226938	-0.0243814	0.0618036	-0.0839884	0.0200299	-0.000120558	0.0486138	-0.0337313	-0.0236887	0.108019	-0.0561618	-0.0298025	-0.0401099	-0.0892478	0.0634235	0.132248	-0.0216992	-0.0209338	0.0384025	-0.0137679	-0.0458946	0.0732875	0.0389883	0.0183268	0.0835875	-0.048453	-0.0126214	0.0255004	-0.00268273	-0.0273305	0.0811808	0.065297	-0.0269983	0.158763	-0.0403413	-0.0210846	-0.0256834	-0.0448825	0.0283299	0.0725332	0.0238292	0.076467	0.0667796	-0.0836925	-0.0126368
-0.0666306	1	0.209064	-0.021627	-0.0399306	-0.0183758	0.153564	-0.025488	-0.096734	-0.0676382	-0.0518411	-0.0191598	-0.0172294	-0.0353532	-0.0289593	-0.023564	-0.0227399	-0.0198018	-0.0642144	-0.0484858	-0.019362	-0.0374874	-0.0230381	-0.0378997	-0.00223406	0.355567	-0.052645	-0.016044	-0.0245148	-0.0264469	0.165053	-0.0179699	0.711085	0.213636	-0.0113613	0.0021576	-0.023945	-0.0366378	-0.0423233	-0.0251159	-0.0300461	0.0988467	-0.0659325	-0.0669854	0.227121	-0.0639312	0.242988	-0.0255356	-0.034536	-0.0291114	-0.0163332	0.149557	-0.0576801	0.0370211	-0.0202291	-0.0241354	-0.0222876	-0.0322212	0.0313779	0.0454637	-0.0195805	-0.0317033	-0.0136701	-0.0225241	-0.029894	0.00802658	-0.0126064	-0.0432575	-0.00469324	-0.0136903	-0.0126782	-0.0268916	-0.039918	0.0523743	-0.0162609	0.0404317	-0.0758767	0.00101492	0.0245336	-0.011974	-0.0307499	0.0589548	0.0137059	-0.0433832	-0.0354673	0.0359275	0.0430151	-0.0264019	-0.0182585	-0.0445343	-0.0425317	-0.0170351	-0.0266429	0.0609628	-0.0341828	-0.0579147	-0.0179458	0.0979496	-0.044943	-0.00202411	0.106476	0.0396782	-0.0200835	-0.0525297	-0.036778	-0.0207849	-0.0273795	-0.0420893	-0.0439143	-0.019847	-0.0255422	0.0795694	-0.0140914	-0.012233	-0.0136116	-0.02007	-0.0139501	-0.0220134	-0.0553105	-0.0650696	-0.00961294	0.000106676	-0.0298137	-0.0177928	-0.0123726	-0.0162868	-0.0155998	-0.00826485	-0.0320264	-0.00878567	0.0922274	-0.0617435	-0.0385199	-0.02397	-0.0144441	-0.0554047	-0.0342457	-0.0247637	0.0967573	-0.000626372	-0.0238671	-0.0233427	0.00217787	-0.0195951	0.00204403	-0.0488603	-0.0262977	-0.0632994	0.0233765	0.0520254	-0.0416759	0.0656062	-0.0368048	-0.0187975	-0.0049789	-0.0046036	-0.0213463	-0.0133187	0.0269256	-0.00227146	-0.0148938	-0.0133842	0.0853732	0.0253561	-0.0250426	-0.0130576	0.140209	-0.00904789	-0.0232953	-0.00620173	-0.0254243	0.0134814	0.00639956	0.153746	0.0582425	0.0069322	-0.0481598	0.0554292	-0.0200834	-0.0144461	-0.000530418	0.00614014	0.045027	-0.0210192	0.0766354	-0.0451109	-0.0215409	-0.016532	-0.0125438	-0.00655557	-0.0290909	-0.0220695	0.000134817	-0.0307069	-0.0163845	-0.0272145	0.0222504	-0.0378804	-0.015599
-0.291079	0.209064	1	-0.0552432	-0.183134	-0.0801153	0.751092	-0.104047	-0.456682	0.42054	0.34644	-0.135388	-0.10466	-0.158391	0.177696	0.158512	-0.0961019	0.146505	-0.275715	-0.220268	-0.0704143	-0.16304	-0.126834	-0.186883	-0.096655	0.419593	-0.19829	0.112993	-0.0864465	-0.119362	0.404128	0.116688	0.114986	0.577097	-0.0645029	0.314617	-0.0872587	0.170353	0.26303	-0.120069	0.181386	0.275003	-0.25178	-0.367882	0.651298	-0.233572	0.388574	0.137479	-0.120154	0.317244	0.0546384	0.246109	0.0725112	0.0869542	0.00130999	-0.0853624	-0.0269383	-0.0145314	-0.0800705	0.0886477	-0.0862985	-0.0131827	0.000422525	0.0382526	0.228801	-0.131712	0.00130107	-0.0602355	-0.0462254	-0.0821956	-0.0950225	-0.0638401	0.212865	-0.126667	-0.0831541	0.0457376	-0.00373013	0.076166	-0.102083	0.113034	0.256719	-0.0474539	-0.0522902	-0.0928422	0.103962	0.0593709	0.0685014	0.0130644	-0.0741113	-0.0515906	-0.0757362	-0.042999	0.0142689	-0.0160677	0.271364	0.0226418	-0.0126652	0.0165147	-0.183391	0.0602631	0.0335064	-0.0408326	-0.0507803	0.122161	-0.0360967	-0.0203578	0.103482	0.0722513	0.110154	-0.122545	-0.0725747	-0.0659137	-0.0480228	-0.111838	-0.0404584	0.0814156	-0.0403833	-0.0279896	0.0721321	-0.0198459	-0.0132082	0.0146893	0.0527008	-0.0618875	-0.0182743	0.109255	-0.0296367	0.0252341	0.0839687	0.0913924	0.0131281	-0.0382552	-0.0940258	0.0280252	0.047518	0.0314461	-0.0861609	-0.0160908	-0.00793366	0.0919368	-0.0153509	0.0652806	-0.0539252	-0.0979616	-0.0600708	-0.0427666	0.0538704	0.0090734	0.0134166	-0.0259404	0.0267593	-0.0404567	0.049478	-0.0792148	-0.0658848	-0.0496469	0.0116171	-0.045321	-0.0211616	-0.0641951	0.0711014	-0.106714	0.0211143	-0.0080519	-0.1059	-0.0734207	0.134497	0.0129969	0.0407744	-0.0105973	-0.00999701	-0.0422044	0.022702	0.0162341	-0.0713493	-0.00240513	0.0468037	-0.0917548	-0.0561361	0.133233	0.0783291	-0.0269128	0.0418157	-0.060383	-0.00690499	0.0303076	0.149424	-0.0549245	0.108624	0.00671206	-0.0310356	-0.0857267	-0.0504379	-0.036899	0.0942973	-0.0109285	0.0348738	0.221821	-0.0998917
-0.0397333	-0.021627	-0.0552432	1	-0.0237979	-0.0191816	-0.08073	-0.0265001	-0.0804583	-0.0204809	-0.00608969	-0.0330858	-0.0134469	-0.0272612	-0.000248711	-0.00769605	-0.0123865	-0.00263751	-0.0361661	-0.0256563	-0.00993961	-0.0147807	-0.00877224	-0.040333	-0.0161637	0.241249	-0.0189825	-0.0069822	-0.0062924	-0.0111049	0.124047	-0.0196844	0.543149	0.154348	-0.00581783	-0.0182161	-0.0117895	0.00327299	0.00336787	-0.0311737	-0.0143143	-0.0113526	-0.028678	-0.0582099	0.156625	-0.0256185	0.193063	-0.00263467	-0.0272089	-0.0391328	-0.0374922	-0.0492633	-0.0235286	-0.0276408	-0.00643964	-0.00966783	-0.0183573	-0.00354943	-0.0184608	-0.0284922	-0.0196488	0.0413794	0.00390595	-0.00676244	-0.00833513	-0.0364739	-0.00683619	0.111126	-0.015271	-0.0200654	-0.0175147	-0.019267	-0.0103079	-0.0262122	-0.0196544	-0.0057338	-0.033814	0.0768873	-0.0283048	0.00956183	-0.0146005	-0.0536338	0.00402304	-0.0233887	0.0304312	0.00979666	-0.0245626	0.26151	0.0119754	-0.0393707	-0.00501083	-0.0609798	0.26057	0.027396	-0.0162434	0.0122856	-0.0435045	0.0570229	0.0377722	-0.0277304	-0.0399559	-0.0260231	-0.00544467	0.023367	0.188178	-0.00961244	-0.0176006	-0.0188461	-0.00469521	0.0613238	-0.0230547	-0.0537293	-0.023348	-0.0279117	0.318265	-0.0201801	0.328845	0.0779293	0.0330429	0.011404	-0.0150525	-0.0289375	0.0281055	-0.0437968	0.0226886	-0.00696248	-0.00659238	0.0150812	-0.0127472	0.00361413	-0.0448306	0.0208691	-0.022815	-0.0130104	-0.00624626	-0.0281365	-0.0156665	0.261111	-0.0439165	-0.00893904	-0.0286802	0.05273	-0.0168206	-0.0311101	0.1058	0.0338333	0.0411447	0.0667548	0.0267463	-0.0473694	-0.0420449	-0.0563008	0.00618221	-0.0218416	-0.00767977	-0.00448293	0.103928	-0.0171074	-0.0783508	0.0697234	-0.00901775	-0.0306734	0.0232697	0.0597671	-0.0377828	-0.0213808	-0.00732755	-0.0175688	-0.053005	-0.0135848	-0.00663199	-0.0585638	-0.00862725	-0.00785751	-0.0383284	0.100326	-0.0361231	0.0424883	-0.000794238	-0.000482775	-0.014124	-0.0268727	0.00535088	-0.0159799	0.0127129	0.0246391	-0.015611	-0.011365	-0.00923093	0.0390423	-0.00984052	-0.0170968	-0.019033	-0.0152436	-0.00407297	0.0495979	-0.034318	-0.0150849	-0.0231105
0.606956	-0.0399306	-0.183134	-0.0237979	1	-0.0187291	0.242861	-0.0401111	-0.147519	-0.073767	-0.0600997	-0.045999	-0.0333748	-0.051324	-0.0297511	-0.0466274	-0.0376095	-0.036261	-0.0840835	0.0704952	0.411246	-0.0687994	-0.0425716	-0.0683244	-0.0262515	-0.106806	-0.0800999	-0.0291631	-0.0290974	-0.0343487	0.248911	-0.0177424	-0.0409545	-0.0958514	-0.0266505	-0.111528	0.523493	-0.0368529	-0.0472048	-0.0318665	-0.0323419	-0.0612773	0.415149	-0.121725	-0.161788	0.444526	-0.116443	-0.025487	0.420942	-0.0996562	0.103154	0.144931	-0.0683991	0.171275	-0.0279088	-0.032076	-0.0301089	-0.0288333	-0.0597183	0.124999	-0.0362684	-0.0208369	0.135731	-0.0272045	-0.0194777	-0.0223411	-0.0287196	-0.0502754	-0.0284648	0.478118	-0.0537246	-0.026593	-0.0442981	-0.00620947	-0.036855	0.089874	-0.0919656	0.0535952	-0.00914503	-0.0261701	-0.0539264	-0.056275	0.30293	-0.0496744	-0.0855442	0.0822529	0.095147	-0.0330541	-0.0183774	0.118911	-0.0396179	0.12282	-0.0305877	0.0439324	-0.0584013	-0.0839086	0.0606284	-0.0221997	-0.0325544	0.0977854	-0.0126626	0.272652	-0.0256262	-0.042082	-0.033986	-0.0298406	-0.036265	0.0335828	0.045738	-0.0074253	0.283811	0.000950693	0.0070805	0.000169026	-0.0251588	-0.0331615	-0.0274745	-0.0419521	-0.0256334	0.0296255	-0.0669208	0.137039	-0.0230638	0.0788118	-0.0111326	-0.0225896	-0.0217688	-0.0816093	-0.0438413	-0.0120313	-0.00504604	0.0902827	-0.0222081	-0.0170758	-0.0283008	-0.0627431	-0.0139087	-0.0301223	-0.0610508	0.0430406	0.0330756	0.00200846	-0.0247581	0.115365	0.139336	0.0431653	-0.0404152	0.00768148	-0.0207197	-0.046756	-0.0795856	0.0295864	-0.0792478	-0.0168856	-0.021749	-0.0250951	0.0563151	-0.0451315	0.00394255	0.0503419	-0.0363154	-0.0336108	-0.0218177	0.119137	-0.050039	-0.0204593	-0.0239325	-0.0642741	0.00747344	-0.0128012	-0.0321145	-0.0273425	0.121868	-0.0098258	-0.00396751	0.0886367	-0.0422448	0.0730932	-0.00509794	-0.0427441	-0.0215115	-0.00010032	0.0220009	-0.0224231	0.157688	0.0782948	-0.0323501	0.272978	-0.0290221	-0.0254213	-0.0306208	-0.0338222	0.00872633	0.0844002	0.0707411	0.0525788	0.0510777	-0.052019	0.0362356
-0.041736	-0.0183758	-0.0801153	-0.0191816	-0.0187291	1	-0.105527	-0.0122985	-0.0756477	-0.0238813	-0.0392407	-0.0318957	-0.00839356	-0.0240128	-0.0163445	-0.00849804	-0.0172149	-0.0114997	-0.0405989	-0.0315495	-0.0132159	-0.0295572	-0.0286215	-0.0400551	-0.0197728	-0.0500224	-0.0484317	-0.011015	-0.0146428	-0.0193188	-0.111749	-0.0025292	-0.018698	-0.0849357	-0.00547072	-0.0564487	-0.0163944	-0.0235691	-0.0338418	-0.00478392	-0.0222206	-0.0177467	-0.053887	0.232587	-0.0767836	-0.0463597	-0.0533995	-0.00253633	-0.0180665	-0.0452635	0.135871	-0.0461945	-0.0296125	0.0455523	-0.0218176	-0.00540797	-0.0185432	-0.0190765	-0.0409168	0.0561841	-0.0104182	-0.0216951	-0.0221058	-0.0222465	-0.0276083	-0.0258816	-0.006538	-0.00972483	-0.0111794	-0.0105735	-0.0172239	0.242412	-0.0121211	-0.00195477	-0.00713493	-0.0472037	-0.0366476	0.126652	-0.0180094	-0.0107133	-0.0152223	-0.0201152	-0.00104756	0.00344131	-0.030871	-0.0491423	-0.0458076	-0.0250975	0.00121144	0.193174	0.0234268	0.0651117	-0.0252445	0.0954863	-0.0144947	-0.0413865	-0.0409311	-0.0190729	0.067681	-0.0309896	-0.0138039	-0.0207927	-0.00494837	-0.0370673	-0.0289998	-0.00417067	-0.0115351	-0.0621654	-0.0551746	0.0724929	-0.00562454	0.0654531	-0.0229601	0.0748308	-0.0202097	-0.0158448	-0.0203884	-0.00992182	-0.0351123	0.0547949	-0.0409101	-0.0348473	-0.0527518	0.0280391	-0.0168637	-0.0239745	0.00645784	-0.071924	-0.0101715	-0.0102276	0.0302775	0.0482876	0.0115915	-0.0120683	-0.0184726	-0.00180823	-0.00811372	-0.0276606	-0.0155463	-0.0180067	0.0558984	-0.0259593	0.172435	0.130089	-0.0337265	-0.010836	-0.0452006	-0.0414786	-0.0171604	-0.0207391	-0.0141619	0.0784053	-0.0539254	-0.00760328	-0.0158728	-0.00100329	-0.0652608	-0.0146741	0.0831696	-0.0464557	-0.0113487	-0.0042413	-0.0196095	0.0355124	-0.0155876	-0.00640387	-0.0260696	-0.0290171	0.0826999	-0.00169424	-0.0110104	0.022463	0.0497817	-0.0101436	0.0131589	-0.0446537	0.0107411	-0.0216333	-0.0201812	-0.0206439	-0.0167561	0.0716371	-0.0136217	-0.0186811	-0.0129076	-0.0459711	-0.00451273	-0.0228842	-0.0137278	-0.0141463	-0.00217284	0.00611188	0.0827313	-0.00558452	-0.0161726	-0.0212062	0.103684	0.00525187	-0.00995079
0.411406	0.153564	0.751092	-0.08073	0.242861	-0.105527	1	-0.138551	-0.614596	0.312654	0.269592	-0.181701	-0.137338	-0.177912	0.134372	0.109302	-0.127606	0.104616	-0.341211	0.311555	0.103473	0.230796	0.161966	-0.25639	-0.12505	0.286217	0.0684408	0.0974002	0.11828	-0.120534	0.661091	0.092402	0.0639176	0.67527	-0.0946571	0.415662	0.126397	0.118944	0.196633	-0.15862	0.134524	0.197855	0.179387	-0.469433	0.551893	0.139419	0.362191	0.103765	0.0448857	0.326362	0.243882	0.329997	0.0498189	0.126432	0.101023	-0.117896	-0.064432	-0.0310991	-0.136988	0.0757056	-0.117992	-0.0293072	0.144252	0.00760316	0.179385	-0.161007	-0.03314	-0.0356527	-0.0848173	0.111997	-0.152752	-0.0853215	0.15949	-0.132906	-0.110432	0.049559	0.00294807	0.0377534	-0.120893	0.0855167	0.184349	-0.0210457	0.0807982	-0.0606629	0.0021316	0.0538615	0.075708	-0.0229549	-0.0808678	-0.0398393	-0.114801	-0.00131468	-0.0209314	-0.0419507	0.192248	-0.0151719	0.0390871	-0.011496	-0.179096	0.0879471	0.0133042	0.127426	0.0876128	0.111772	0.0017182	-0.0564057	0.122456	0.102359	0.0987691	-0.147309	0.0465649	-0.0928402	-0.0172358	-0.128588	-0.0668779	0.137388	-0.0681262	-0.00498137	0.0761082	0.0344125	-0.0540088	0.107054	0.0365785	0.0018196	0.0186776	0.0804755	-0.0450964	-0.0345845	0.0140604	0.069065	-0.0203259	0.0507752	-0.0308885	0.0276982	0.0246848	0.0258166	-0.0949228	-0.0333878	-0.0884045	0.0825381	0.00919302	0.063753	-0.0755049	-0.00923999	0.0168541	0.00881867	0.0431704	0.0401798	-0.00357416	-0.0862323	-0.0153034	-0.0357491	-0.0066698	-0.0999095	0.0932663	-0.0645053	0.0527804	-0.102561	-0.0048193	-0.0630448	0.10099	-0.124834	0.00327669	0.0655502	-0.140025	-0.0919844	0.1026	-0.0500173	0.0822358	0.0818255	-0.0253528	-0.0526449	0.0482082	0.0057971	-0.0974415	0.0473389	0.0716656	-0.0735115	0.00637725	0.0931765	0.0645883	-0.00496662	0.0375784	-0.0750863	0.0491948	0.073328	0.122267	0.0573943	0.0762498	-0.00837277	-0.0482529	-0.11309	-0.0268204	0.0146304	0.105995	0.0418675	0.0784385	0.153283	-0.104506
-0.0566287	-0.025488	-0.104047	-0.0265001	-0.0401111	-0.0122985	-0.138551	1	-0.0816364	-0.0354388	-0.0447783	-0.0109251	-0.006372	0.653773	-0.0278798	-0.0176549	-0.00177439	-0.00828006	0.374973	-0.0332323	-0.0171048	-0.026676	-0.0139544	-0.0298505	-0.0174925	-0.0617817	-0.040139	-0.0155575	-0.0127958	-0.023014	-0.135439	-0.0119327	-0.0399369	-0.107505	-0.00256092	-0.0570065	-0.0339264	-0.0283162	-0.0407955	-0.0257034	-0.0189244	-0.0193446	-0.0597877	0.27668	-0.0998078	-0.0620816	-0.076633	-0.0197073	-0.0214974	-0.069835	-0.0917937	-0.065371	-0.069492	-0.0807473	-0.0154026	-0.0266561	-0.0174673	-0.0117872	0.293421	-0.0750331	-0.0154687	-0.0103144	-0.0174618	-0.00845982	-0.0470908	-0.0216629	-0.0154023	-0.0387878	-0.017952	-0.023226	-0.0225251	-0.0124011	-0.0204304	0.205888	0.802228	-0.0623752	-0.0805446	-0.0331491	-0.0280915	-0.0144363	-0.0225664	0.145221	-0.00253115	-0.0375776	-0.0436985	-0.0623426	-0.0564812	-0.018424	-0.00523948	-0.0245894	-0.0325726	-0.0903144	-0.0186184	0.15904	-0.0214046	-0.075482	-0.0711568	0.195031	-0.0798006	-0.0435385	0.20462	-0.019685	0.0181884	-0.0674665	-0.0243433	-0.0174831	0.00793682	-0.105444	-0.0908247	-0.0586471	-0.00758798	0.119569	-0.0218138	-0.0552167	-0.0147754	-0.00167225	-0.0117197	-0.00304294	-0.051068	-0.0680835	-0.0369231	-0.0293914	-0.0512306	-0.0754912	-0.0163179	-0.0231337	-0.00368766	-0.0730415	-0.0297451	0.0202647	0.210621	-0.0903594	-0.0377037	-0.0206856	-0.0109224	-0.0546067	-0.0286888	-0.00546007	0.128527	0.00171766	0.107594	-0.00732626	0.00358538	-0.0304285	-0.0389974	-0.0635535	-0.037996	-0.0828619	-0.0184312	0.115786	-0.0550514	0.11575	-0.0592725	0.696422	-0.00814304	-0.0105536	-0.0583861	-0.0234569	0.0865486	-0.0511431	-0.0210624	-0.0216744	-0.023291	-0.0677474	0.289484	-0.0154049	-0.0139117	-0.0403334	-0.0541485	-0.0152381	-0.0127662	0.118132	-0.0372443	-0.00758403	0.16619	-0.0447321	-0.0321159	0.111443	-0.0105366	-0.005738	-0.0159318	-0.0365878	0.00250821	0.00124725	-0.0115443	-0.0387441	-0.0350986	-0.0156352	-0.0190202	-0.0223334	-0.00371683	-0.0137723	-0.0348588	-0.0275273	0.0115783	-0.0531161	-0.0471732	-0.0120835	-0.018542
-0.260064	-0.096734	-0.456682	-0.0804583	-0.147519	-0.0756477	-0.614596	-0.0816364	1	-0.197734	-0.151365	0.288314	-0.0862162	-0.126659	-0.0808745	-0.0665053	-0.0856871	-0.0696099	-0.229297	-0.203328	-0.0740045	-0.155832	-0.113648	0.420905	-0.0643839	-0.263201	0.0742416	-0.0500002	-0.0684332	-0.0953139	-0.399227	-0.0663561	-0.113524	-0.441894	-0.0664663	-0.259455	-0.0713115	-0.0772533	-0.112744	0.220182	-0.0723736	-0.127308	-0.00918616	-0.257591	-0.400086	0.0243957	-0.298058	-0.0604173	-0.128273	-0.199047	-0.143406	-0.269634	0.144381	-0.0177533	-0.0655533	-0.088618	0.11352	0.087832	-0.0678934	0.0161688	0.157638	0.0775852	-0.0957375	0.048442	-0.0776909	-0.0645936	-0.0673109	0.00735381	0.0501822	-0.0544371	0.275155	-0.0790131	-0.096371	-0.160408	-0.0600381	0.0732269	0.133029	-0.0493392	-0.0707939	-0.0469179	-0.106525	-0.221122	-0.0494434	-0.0594064	0.0781041	0.0684061	0.0293515	0.0302846	0.127322	-0.0151577	-0.01758	-0.0190649	0.0289085	-0.150942	-0.116372	0.194621	-0.0471907	-0.166234	0.142353	0.00824688	-0.191631	-0.0587015	-0.0568859	0.0165924	-0.0278764	-0.0778378	-0.0624213	0.0436769	0.0759543	0.187672	-0.0218845	-0.0215402	0.0547126	0.178462	0.0474204	-0.0782797	0.0461417	0.0578153	0.0169237	0.00126396	0.183057	-0.048484	0.00657272	0.0844174	-0.0578019	-0.0466803	-0.037486	0.154899	0.0460352	-0.0396054	-0.143775	-0.0402383	-0.0228734	0.0134113	0.0265075	0.00773077	0.175715	0.00759631	0.0186915	-0.054127	-0.10402	-0.0102959	-0.0587693	-0.0574723	-0.000412279	0.00567339	0.0185538	0.0190472	-0.0240836	0.0365245	0.124904	-0.144741	0.148345	-0.0554046	-0.0655873	0.10863	0.0135449	0.193665	-0.133424	0.131796	-0.0538218	-0.0820112	-0.0270621	-0.0761856	-0.0774903	0.145524	-0.0711043	0.143313	-0.0611882	-0.0491913	-0.00698286	-0.0786804	-0.087978	-0.0353227	-0.0965674	-0.0335674	-0.0179638	-0.0901576	-0.0402127	-0.057772	-0.0447877	-0.039321	-0.0723131	-0.0660981	-0.0215214	0.0196411	-0.0641603	-0.0205592	-0.0419569	-0.0566513	-0.0190176	0.122129	-0.0211571	0.0342793	-0.0726432	-0.00953855	-0.0941307	-0.0928825	0.0804776
-0.123881	-0.0676382	0.42054	-0.0204809	-0.073767	-0.0238813	0.312654	-0.0354388	-0.197734	1	-0.0709983	-0.05801	-0.0477361	-0.0608476	0.437576	-0.03151	-0.0377249	-0.0324269	-0.104427	-0.103053	-0.0249059	-0.0755919	-0.05833	-0.08432	-0.0363196	-0.13129	-0.0835036	-0.0324861	-0.0365057	-0.049683	-0.268091	0.272062	-0.057583	-0.217105	-0.0275755	-0.125502	-0.0371911	-0.0326622	-0.056267	-0.0573106	-0.0308947	-0.0620186	-0.102075	-0.136327	-0.195466	-0.0920822	-0.147773	-0.0210989	-0.0535711	-0.118262	-0.195331	-0.149613	-0.154173	0.211624	0.101024	-0.0341927	0.0671903	0.052618	-0.0458118	0.192012	-0.0187699	0.0543921	0.0620757	-0.0279025	-0.0814297	-0.0535182	-0.020851	0.00346585	0.0288551	-0.0392519	-0.087931	-0.0291868	0.474503	-0.0835273	-0.0286757	0.282927	-0.141341	-0.0941694	-0.0414979	-0.0257133	0.549648	-0.044299	-0.0243882	0.0190668	0.315439	0.272305	0.291858	-0.0270516	-0.0242814	-0.0678434	0.034459	0.210997	-0.0263803	-0.123241	0.506346	-0.159137	0.237259	-0.09517	-0.0636972	0.251804	-0.0922781	-0.0133256	-0.0279392	-0.079694	0.0309589	-0.0352297	-0.0377595	0.141683	0.159855	-0.0764305	-0.0215076	-0.143623	0.0121035	-0.0715277	-0.0106675	-0.0442617	-0.011388	-0.0263404	-0.0490471	-0.0876849	-0.0427346	-0.0167289	-0.0972841	-0.087488	-0.0235737	-0.0147513	-0.0311537	-0.145684	0.280826	-0.0133824	-0.0906025	0.216152	0.0362412	0.0694357	-0.0290093	0.238989	-0.0443143	0.0666161	-0.145233	-0.0259034	-0.151588	-0.0454594	-0.0372168	-0.0542671	0.0326165	0.2309	-0.0619192	0.169599	0.0126713	-0.128627	0.102545	-0.0801309	-0.118658	-0.0201637	-0.034499	-0.0138346	-0.0292261	-0.0722949	0.0895294	-0.0258069	-0.0299289	-0.0450913	0.00336588	-0.0191896	-0.0631467	-0.0235665	-0.028652	-0.0744941	0.137955	-0.0206257	0.0212222	0.134069	-0.0422635	-0.0190917	-0.0401998	0.0259254	0.197301	-0.00884697	-0.0374628	-0.0255488	-0.0185236	-0.025111	-0.0100869	-0.0159019	-0.0187898	-0.0738163	-0.0437443	-0.00550642	-0.037035	-0.0334435	-0.0392659	-0.0504989	-0.0173494	0.0103515	-0.0182742	0.203054	-0.067124	0.409274	-0.0244128
-0.0866314	-0.0518411	0.34644	-0.00608969	-0.0600997	-0.0392407	0.269592	-0.0447783	-0.151365	-0.0709983	1	-0.0397478	-0.0453686	-0.0627267	-0.0189329	-0.037568	-0.039774	-0.0267653	-0.106304	-0.0755324	-0.0286844	-0.0587508	-0.0476008	-0.0617125	-0.0459246	0.591367	-0.0787016	0.400271	-0.0328613	-0.0400864	0.276386	-0.0240842	-0.0445862	0.356429	-0.0288913	0.613149	-0.0365271	0.486688	0.737022	-0.0380317	-0.0399832	-0.0579603	-0.0991727	-0.155653	0.380691	-0.0910579	-0.129177	-0.0271355	-0.050202	-0.110886	-0.154711	-0.124992	0.0198178	0.00101182	-0.0353157	-0.0304584	-0.0217236	-0.0359885	0.0492846	-0.0135593	-0.0374232	-0.0372875	0.0336628	-0.0178487	-0.0615374	-0.0552966	0.00280894	-0.0536718	-0.0249997	-0.0310777	-0.0575448	-0.0256831	-0.019408	0.0245218	-0.0385967	-0.0394201	-0.020242	0.0243018	-0.053508	0.302281	-0.0238886	0.0780279	-0.0226463	-0.0631013	-0.0521848	-0.0461987	-0.0403176	-0.0115259	-0.0337275	-0.0708126	-0.040934	-0.112766	-0.0120669	0.0470198	-0.0305184	0.00939795	-0.0703529	0.0967518	-0.113243	-0.0239073	0.101487	0.0136941	-0.0256822	0.0555996	0.027024	-0.0242868	0.371907	-0.136008	-0.116699	-0.0669209	-0.0260488	0.0325851	-0.0142448	-0.06743	-0.00682754	0.340181	-0.00401509	-0.0333756	-0.0914857	-0.111207	-0.0452048	0.149466	-0.0658975	0.0380959	0.0473895	0.312358	-0.0327062	-0.0501149	-0.0535635	0.257058	0.0912246	-0.0245462	-0.0541757	-0.028648	0.211546	0.0163409	-0.0235216	-0.0152112	0.0791789	-0.0479444	-0.0507854	-0.0443091	-0.0198176	-0.0393221	-0.0491742	-0.111785	-0.0661697	-0.152939	0.000468613	0.169339	0.0368546	0.0456306	0.0386144	-0.0355449	-0.0172566	-0.000685211	-0.087454	-0.0463357	-0.00898643	-0.0675782	0.285075	-0.0260503	-0.00820101	-0.0448466	0.0476691	-0.0334023	0.231612	0.1031	-0.0688717	-0.00170178	-0.0125216	0.00022585	0.17298	-0.0235631	0.0637053	0.0675321	0.0366215	0.0243094	-0.0280769	-0.030932	-0.00346851	-0.0213718	0.137026	-0.0148132	-0.0331969	-0.0755168	0.026122	-0.0228456	-0.0433849	-0.0164438	-0.0062981	-0.0241659	-0.0260055	-0.0338945	-0.0285903	-0.0857783	-0.0156542	-0.0297119	-0.0380415
-0.0743404	-0.0191598	-0.135388	-0.0330858	-0.045999	-0.0318957	-0.181701	-0.0109251	0.288314	-0.05801	-0.0397478	1	-0.018296	-0.0253335	-0.0272361	-0.0233362	-0.0213333	-0.0255164	-0.0508707	-0.0596483	-0.0183383	-0.046861	-0.0325667	-0.0484962	-0.0153941	-0.0744107	-0.0653738	-0.0146698	-0.0239627	-0.0122726	-0.170989	-0.019287	-0.0314163	-0.133278	-0.0108326	-0.0746616	-0.0219203	-0.0127977	-0.0272597	-0.0270873	-0.0193524	-0.0432285	-0.0791092	-0.0685846	-0.120969	-0.0746176	-0.0915031	-0.0194614	-0.0359596	-0.062796	-0.11299	-0.0882428	0.113153	-0.0761257	-0.036644	-0.0247466	-0.0167976	0.139394	0.0365968	-0.0661988	-0.0227597	0.125548	-0.0412855	0.0155297	-0.0264928	-0.00975243	-0.0181492	-0.0254176	-0.0232281	0.0483656	0.23415	-0.0187195	-0.0253085	-0.00549757	-0.0107128	-0.0340837	0.0807183	-0.0416725	0.00121777	-0.0107109	-0.0303562	-0.0473633	-0.019053	-0.0357706	-0.0616918	-0.039437	-0.0333282	0.00811323	-0.0288839	-0.0382623	-0.0265243	-0.0781033	0.00774192	-0.0275355	-0.0356632	0.0975889	-0.0479993	-0.00342365	0.0724993	-0.0231148	-0.0109327	0.0345127	-0.0158458	-0.0515816	-0.0180055	-0.0303628	-0.0205392	-0.0375912	-0.0121134	0.104567	0.112967	0.0370755	-4.82137e-05	0.101919	0.0270834	-0.0147379	0.0264952	-0.025039	-0.0552465	-0.0620827	0.139592	0.0647253	-0.065901	0.143048	-0.0250385	-0.0120767	-0.0176763	0.0635843	-0.0468563	-0.00187378	-0.0537876	-0.0188447	-0.0225068	-0.00884777	-0.0371018	-0.0574716	-0.0192776	0.0126089	0.0613118	-0.0344303	-0.0775439	-0.0458692	-0.00636945	-0.00283667	0.080253	-0.0112411	-0.0733881	-0.0637286	-0.0238105	0.0663675	0.0557055	-0.0500148	0.0560953	-0.0159808	-0.0222597	0.00150065	-0.00909571	0.196057	-0.0923903	0.186428	-0.0131775	-0.00975002	-0.0198271	0.0431248	-0.0334524	-0.0153444	-0.0202045	0.120078	-0.0523555	-0.025218	-0.00901116	-0.0930785	-0.0396793	-0.00716407	-0.0555489	0.0215342	-0.0618123	-0.00663166	-0.0201222	-0.020224	-0.0063022	-0.0271622	-0.0292532	-0.0260488	-0.00182611	-0.037058	0.00499921	0.0709252	-0.00983798	-0.00920298	-0.0206702	0.382601	-0.0210979	0.0914967	-0.0223319	-0.00727772	-0.000978597	-0.0187672	-0.0260086
-0.0540361	-0.0172294	-0.10466	-0.0134469	-0.0333748	-0.00839356	-0.137338	-0.006372	-0.0862162	-0.0477361	-0.0453686	-0.018296	1	-0.0207829	-0.0215867	-0.013773	-0.0222909	-0.0110861	-0.0467818	-0.0383416	-0.0113587	0.0246623	0.0509615	-0.0204675	-0.0137695	0.27662	-0.0117628	-0.0103752	-0.0119958	-0.0186673	0.140769	-0.0140442	-0.0133297	-0.0664031	-0.0237742	-0.0263137	-0.0214885	-0.0305175	-0.040633	-0.0268137	-0.0164927	-0.0262287	-0.0254841	-0.0643398	0.176107	-0.0215736	0.246932	-0.00715593	0.564148	-0.0635983	-0.0765475	0.194111	-0.0659247	-0.0862551	-0.0158366	-0.0127144	0.000717951	-0.0255591	-0.0478578	-0.081173	-0.0166053	-0.0261435	-0.0260756	-0.0174579	-0.0365568	-0.0307668	0.472121	0.320331	0.00809059	-0.00734131	-0.0313155	-0.0151889	-0.0285525	-0.0646973	-0.0088593	-0.0608217	0.136964	-0.0385116	-0.027365	-0.0245636	-0.0407881	0.143223	-0.0125214	0.342827	-0.0554966	-0.0630371	-0.0569465	-0.00763193	-0.00167826	-0.024355	-0.0185052	0.130364	-0.00787086	-0.0669392	-0.0395438	-0.0744651	0.153073	-0.0571433	0.134266	-0.0565912	-0.0585933	-0.0158838	-0.0196793	-0.0450194	-0.0144351	0.655961	-0.0133125	0.111179	-0.0843025	-0.066736	0.00644258	-0.102277	-0.0324499	-0.0691008	0.00461371	-0.016959	0.00425547	-0.0219149	-0.0520318	-0.0586002	-0.0563517	0.123274	0.0684619	0.0307491	-0.0135095	-0.017636	0.395154	0.00970762	-0.0510394	-0.0168401	-0.0380594	0.0184819	-0.0303701	-0.00532497	-0.0137886	-0.0633766	-0.0260799	-0.00393508	-0.0758717	0.0508608	-0.0366889	0.0465158	0.0109837	-0.0080002	0.118917	0.023255	-0.00550171	0.0199615	-0.0157337	-0.00663681	-0.00987985	-0.0612752	0.0274775	-0.00767192	-0.018238	-0.00957588	0.0735056	0.0596038	-0.0872971	0.11729	-0.0108874	-0.0326064	-0.0205039	0.0562407	-0.0357517	-0.0174637	-0.0117159	0.0259441	-0.0545263	-0.0169347	0.242888	-0.0734214	0.178113	0.0117006	-0.0477889	0.0825041	-0.0454405	0.0255178	-0.00801177	-0.00886582	-0.00160875	-0.0127652	-0.0175341	-0.00915941	-0.0143505	0.00258771	-0.0185285	-0.00672613	-0.018594	-0.0177297	0.274136	0.14789	-0.00118969	-0.0094062	-0.0158144	0.0323032	-0.0247599	-0.0328884	-0.0122665
-0.0378963	-0.0353532	-0.158391	-0.0272612	-0.051324	-0.0240128	-0.177912	0.653773	-0.126659	-0.0608476	-0.0627267	-0.0253335	-0.0207829	1	-0.0440298	-0.0249526	-0.0143354	-0.0137382	0.571619	-0.0489793	-0.0139232	-0.0385734	-0.0331064	-0.0514601	-0.0225372	-0.0919033	-0.055048	-0.030942	-0.0247898	0.68981	-0.190445	-0.0178725	-0.0455307	-0.150683	-0.0107462	-0.0837922	-0.0335895	-0.0233516	-0.0473224	-0.0321717	-0.0299747	-0.0359865	-0.0759265	0.418391	-0.144283	-0.0745999	-0.106909	-0.0213481	-0.0372153	-0.0959178	-0.127558	-0.104897	-0.103115	-0.131304	-0.0151617	0.421593	-0.0248718	-0.0224354	0.157486	-0.123351	-0.0313653	-0.020656	-0.0198707	-0.0252629	-0.0608983	-0.0441803	-0.0256449	-0.0677697	-0.0210073	-0.0284571	-0.0427229	-0.0127603	-0.0272718	0.232402	0.504314	-0.105327	-0.0473541	-0.0536788	-0.0383508	-0.0206752	-0.0405066	0.145841	-0.00497581	0.142594	-0.0743062	-0.104828	-0.098536	-0.0334883	-0.00982857	-0.0338323	0.299823	-0.0308226	-0.0337668	0.0459148	-0.0414608	-0.0306974	0.00316084	0.0798572	0.075105	-0.0797805	0.090057	-0.0389675	0.00157617	-0.100185	-0.0343979	-0.0309468	-0.0150263	-0.164512	-0.143363	-0.00194322	-0.00101075	0.0825623	-0.0232861	0.00763975	-0.025567	-0.0226074	-0.0236927	-0.0218677	-0.0794276	-0.00401867	-0.070742	-0.052714	-0.0881856	-0.0663894	-0.0156103	-0.0256275	-0.0175373	-0.105411	-0.0595037	0.00973877	0.129951	0.00536523	0.165221	-0.0254655	-0.0161684	0.0395593	-0.0416145	0.00102245	0.0597461	-0.0232216	0.045729	-0.0351516	-0.00205925	0.012826	-0.0477248	0.012383	-0.07878	-0.0432641	-0.0306392	0.0525334	-0.0822378	0.18521	-0.0872499	0.446774	-0.0110273	-0.0115313	-0.100138	-0.0456229	0.125593	-0.0804704	-0.0333521	0.00948022	-0.0336578	-0.0559568	0.197414	-0.0307748	-0.0249996	-0.0419748	-0.0594281	-0.00740933	-0.0285022	0.135681	-0.0446874	-0.0121294	0.220029	-0.0662623	-0.0694512	0.143807	-0.0143185	-0.011226	-0.0173554	-0.0383853	-0.00700321	-0.0161931	-0.0162154	-0.0746677	-0.0330583	-0.0190753	-0.0249318	-0.0283208	-0.0155231	-0.0213996	-0.0352549	-0.0348161	-0.0146051	-0.0936361	-0.0133377	-0.0301462	-0.0354363
-0.0500311	-0.0289593	0.177696	-0.000248711	-0.0297511	-0.0163445	0.134372	-0.0278798	-0.0808745	0.437576	-0.0189329	-0.0272361	-0.0215867	-0.0440298	1	-0.00507018	-0.023234	-0.0129696	-0.0592354	-0.0432741	-0.0137737	-0.0365332	-0.0197387	-0.0293028	-0.0145894	-0.0445096	-0.0458583	-0.000942474	-0.0134442	-0.0345229	-0.12139	-0.0209618	-0.0232916	-0.0938127	-0.00703362	-0.0425742	-0.0106603	-0.00794558	-0.0197133	-0.019531	-0.0225478	-0.019044	-0.0518427	-0.0679037	-0.0770165	-0.0495936	-0.0716358	-0.00539976	-0.0247354	-0.0517898	-0.086824	-0.0564202	-0.0758942	-0.0155653	-0.0190379	-0.0304492	-0.0181309	0.184532	0.0466391	-0.00057086	-0.0138454	0.175144	-0.0268524	-0.0214366	-0.0463207	-0.0148158	-0.00839752	0.122368	-0.00443571	-0.0119182	-0.0335436	-0.0269152	-0.0282941	0.0142229	-0.0204186	0.0189082	0.00146031	-0.0340652	-0.00891447	-0.0194566	-0.0339113	0.0798984	-0.0186069	0.134897	-0.0313321	0.0232733	0.0274571	-0.024431	-0.0268291	-0.0205715	0.148209	0.0831628	-0.0246141	-0.00763118	-0.0368428	-0.0854624	0.106596	-0.015148	0.0134836	0.0348503	-0.00791054	0.0922792	-0.0104199	-0.0442957	-0.027565	-0.0182913	-0.0102919	0.0462369	0.0307773	-0.0668019	-0.0153731	-0.0924012	0.0817392	-0.0601527	-0.0222164	-0.0115572	-0.0224293	-0.00660154	-0.0401486	-0.0522974	-0.0460903	0.125181	-0.0437809	0.023184	-0.0108564	-0.00867183	-0.0156842	-0.0832766	-0.0281748	0.00837368	-0.0539341	0.127443	0.158981	-0.0139947	-0.030641	0.0740237	-0.0323396	-0.025508	-0.0836587	-0.0212649	-0.0884448	-0.0254555	-0.0275187	-0.0203766	0.11442	0.137918	-0.0532529	0.0882817	-0.0238083	-0.0665679	-0.0561309	0.0273706	-0.059817	-0.0238049	-0.0167915	0.00347479	0.0331465	-0.0304946	-0.00210938	0.0456736	0.000159926	-0.0249104	-0.0265187	0.0452489	-0.0463015	-0.000963406	-0.00634326	-0.0325887	-0.053974	-0.00296442	0.135837	0.0192395	0.00797581	-0.0135098	0.0567059	0.081915	-0.0338581	0.112097	-0.017006	-0.00332081	-0.012307	-0.0113383	0.0215656	-0.00737401	-0.0123229	-0.0314399	-0.029574	0.0355536	-0.0100496	-0.0123646	-0.0104704	-0.0150506	-0.0100257	0.0815801	-0.016553	0.0356126	-0.0338498	-0.0235634	-0.0236241
-0.0599243	-0.023564	0.158512	-0.00769605	-0.0466274	-0.00849804	0.109302	-0.0176549	-0.0665053	-0.03151	-0.037568	-0.0233362	-0.013773	-0.0249526	-0.00507018	1	-0.00577882	-0.00472004	-0.0366783	-0.0388417	-0.0234376	-0.0287778	-0.0181706	-0.0296859	-0.0103835	0.275167	-0.0297404	-0.0123931	-0.00509022	-0.0218956	0.116981	-0.0183163	-0.0238838	0.15273	-0.0112841	0.28378	-0.0248689	-0.0254277	-0.0297697	-0.0181554	-0.0272086	0.571292	-0.0483813	-0.0562668	0.167667	-0.0454176	-0.0659739	-0.00876273	-0.0254488	-0.0652606	-0.0850542	-0.0711489	-0.0790095	0.130902	-0.0236802	-0.0139756	-0.00319938	-0.024095	-0.0325291	0.143246	-0.0128474	-0.0211587	-0.0295409	-0.0103746	-0.0336069	-0.0209969	-0.0165163	-0.0238766	-0.0101961	-0.0186067	-0.0425885	-0.0163346	-0.00477652	-0.0514775	-0.00913698	-0.0431445	-0.0870519	0.243178	-0.00559851	0.00282012	-0.0172399	-0.0660972	-0.0154142	-0.0173496	-0.03186	-0.0508228	-0.0450121	-0.0188883	-0.00825567	0.319653	-0.0153487	0.125874	-0.0190652	0.141438	-0.0151902	-0.0797289	-0.0502688	-0.0465428	0.111842	-0.0367388	-0.0404034	-0.0248103	0.0023677	-0.0550483	-0.0343177	-0.0121523	-0.0250538	-0.0817065	-0.0723961	0.131722	-0.00730934	0.0970603	-0.0083585	0.134036	-0.0218194	-0.0332902	-0.0220725	-0.00654646	-0.035708	-0.0522673	0.177453	-0.0398754	-0.0408842	0.0974359	-0.0087548	-0.0211071	0.00480003	0.102309	-0.0192411	-0.0158685	-0.0406564	-0.0706505	-0.0158215	-0.00195418	-0.0099366	-0.0336163	-0.000868742	-0.0265743	0.102037	-0.0229221	-0.0728129	-0.0257505	-0.0126061	-0.029737	-0.0409519	-0.0481988	-0.0375314	-0.0718451	-0.0093373	0.0971066	0.110714	-0.0611606	0.105123	-0.0197742	-0.01312	-0.0226045	-0.0579537	-0.0278294	-0.0743803	-0.050585	-0.0227049	-0.0229055	-0.012183	-0.0577299	-0.025917	-0.0123962	-0.0154304	0.150084	-0.0454695	-0.00317303	-0.006536	-0.0524811	-0.025342	-0.0112349	-0.0415061	-0.0420601	-0.0297769	-0.0648323	-0.00255964	-0.00793349	-0.0132113	-0.0274439	-0.0110398	-0.019947	-0.0147165	-0.0402914	-0.0186011	-0.0163293	0.672023	-0.0157298	-0.00445758	-0.0201579	-0.0231791	-0.0245671	-0.0215436	-0.0481132	-0.0373802	-0.00246216	-0.0178225
-0.0524597	-0.0227399	-0.0961019	-0.0123865	-0.0376095	-0.0172149	-0.127606	-0.00177439	-0.0856871	-0.0377249	-0.039774	-0.0213333	-0.0222909	-0.0143354	-0.023234	-0.00577882	1	-0.0098144	0.380498	-0.0381845	0.0015104	-0.0298212	-0.0302324	-0.0357071	-0.0190433	-0.0553617	-0.0430185	-0.0205133	-0.0176086	-0.00946287	-0.123726	-0.0128921	-0.0242158	-0.0966256	0.730551	-0.0518201	-0.0263918	-0.0177981	-0.0369964	-0.0204406	-0.0151376	-0.0200343	-0.0502527	0.271467	-0.0870927	-0.044178	-0.0666539	-0.0282412	-0.0144453	-0.0548889	-0.0856981	-0.0617156	-0.068952	0.086376	0.00277375	-0.00545747	-0.0218975	-0.0109455	0.0314743	0.095229	-0.0192886	-0.0122526	-0.0179368	-0.0193272	-0.0346703	-0.0286687	-0.0090301	-0.0491569	0.241855	-0.0226004	-0.0302591	-0.0171932	-0.0181844	0.00520495	0.00306981	0.144675	-0.0886602	-0.0564142	-0.0256288	-0.0197324	-0.0322499	-0.0232058	-0.0230001	-0.0381711	0.100851	0.138897	0.14308	-0.0228724	-0.0205299	-0.0516761	-0.0206699	0.0674858	-0.0229727	-0.065099	-0.0355759	-0.0608076	0.138424	-0.0365622	-0.0201651	0.103364	-0.0335607	0.0346225	-0.0149817	-0.0421252	0.145569	-0.0166351	-0.00899324	0.0330324	0.0518215	0.00129166	0.00134255	-0.0207106	-0.0201474	-0.000660539	-0.00946125	-0.00839017	-0.009745	-0.000253371	-0.03501	-0.0475519	0.0230725	0.00195077	-0.0437451	0.0130432	0.229617	-0.0167814	-0.00844391	-0.0133596	0.0859947	-0.0120553	-0.0252343	0.0317671	-0.0305745	-0.0108938	-0.0281503	0.047785	-0.0195305	-0.015236	-0.00796782	-0.0172528	-0.0521502	-0.0105926	0.0242747	-0.013994	0.0065613	0.107066	-0.0349609	0.0754562	-0.0231535	-0.0612163	0.0734111	-0.0495283	-0.0565696	0.0186997	-0.0101942	-0.0223651	-0.0291767	-0.0229576	0.0623945	-0.025522	-0.0091334	-0.0284155	-0.0221213	-0.0287424	-0.0263818	0.00211844	-0.0102283	-0.0431909	0.104206	-0.020451	0.047054	0.0808639	-0.0404359	-0.0031318	-0.0359256	-0.0164873	0.134931	-0.0351486	0.193616	-0.000790834	-0.00426899	-0.023585	-0.0110122	-0.0116824	-0.0196619	-0.0298794	-0.0245843	-0.0148459	-0.0142587	-0.00944992	0.0741017	-0.0183974	-0.0265914	-0.0104522	-0.0173519	0.108799	-0.0269603	-0.0320908	0.187842
-0.049957	-0.0198018	0.146505	-0.00263751	-0.036261	-0.0114997	0.104616	-0.00828006	-0.0696099	-0.0324269	-0.0267653	-0.0255164	-0.0110861	-0.0137382	-0.0129696	-0.00472004	-0.0098144	1	-0.0288979	-0.0368831	-0.0107296	-0.0317689	-0.0134014	-0.0260828	-0.0130573	0.249847	-0.0437318	-0.0127606	-0.00763294	-0.0186342	0.104093	-0.0150522	-0.013351	0.144543	0.0029318	0.25433	-0.0166134	-0.0132208	-0.0242329	-0.00792283	-0.0259615	0.526764	-0.0546557	-0.0445293	0.159005	-0.0554991	-0.0534003	0.00548448	-0.0238923	-0.0480728	0.128308	0.161644	-0.0807088	0.109968	-0.022166	-0.011197	-0.0155548	-0.0150822	-0.0156336	0.121183	-0.0113373	-0.0114309	-0.0272931	-0.0119574	-0.0284367	-0.00385747	0.00137835	-0.0199938	-0.00638787	-0.027207	-0.0357358	-0.00328909	-0.0259482	-0.034266	0.00970182	-0.064364	-0.0795333	0.23818	-0.0126827	-0.00828407	-0.0330729	0.155563	-0.0115301	-0.0156166	-0.0532681	-0.0659095	-0.0635335	-0.0120394	-0.0156769	-0.0261218	-0.0124859	-0.0845552	-0.0120793	0.153796	-0.0319429	-0.071146	-0.0673002	0.187119	-0.0661347	-0.0613878	0.19413	-0.0259673	0.0034079	-0.0551012	-0.0250445	-0.0111795	-0.0127363	-0.0967627	-0.0911829	-0.0584657	-0.0103784	0.108693	-0.023827	-0.0580467	-0.00940777	-0.0132137	-0.0056754	-0.010687	-0.0424374	-0.0547823	-0.0488833	-0.0330863	-0.0368812	-0.0833893	-0.00954932	-0.00323305	-0.0124065	-0.0730633	-0.0491409	-0.00226712	0.214267	-0.0918088	-0.0208489	-0.0139948	-0.0154731	-0.0592115	-0.0233182	-0.0112384	0.111737	-0.00134955	0.118783	-0.00685304	0.00573077	-0.0270014	-0.039713	-0.0651309	0.184574	0.0805277	-0.0209368	-0.0587617	-0.0843131	-0.0447046	0.106633	0.0121524	-0.00840288	-0.00545269	0.138753	-0.0408007	-0.0786587	-0.0561788	-0.0172027	-0.0042738	-0.0254071	-0.0544705	-0.00671665	-0.00303954	0.00504897	-0.0534324	-0.0676808	-0.00892861	-0.0158543	-0.0572438	-0.0353418	-0.00160456	-0.0230475	-0.037846	-0.0535093	-0.0458179	-0.0132861	0.746548	-0.014585	-0.017326	-0.0216028	-0.00693854	-0.00536358	0.194456	-0.0277349	-0.0190678	-0.00630868	-0.0110632	-0.0113737	-0.0212599	-0.0202214	-0.000831883	0.00190429	-0.0661382	-0.0370814	-0.0350237	-0.019688
-0.112566	-0.0642144	-0.275715	-0.0361661	-0.0840835	-0.0405989	-0.341211	0.374973	-0.229297	-0.104427	-0.106304	-0.0508707	-0.0467818	0.571619	-0.0592354	-0.0366783	0.380498	-0.0288979	1	-0.0979536	-0.0163996	-0.0836318	-0.0648756	-0.0981256	-0.0437284	-0.158938	-0.116144	-0.0461225	-0.0456063	0.415995	-0.330928	-0.0297678	-0.0710944	-0.265451	0.283244	-0.150925	-0.0476185	-0.036693	-0.0756505	-0.0565298	-0.0517573	-0.0646886	-0.142142	0.73495	-0.250517	-0.13551	-0.187384	-0.0512768	-0.0657744	-0.157713	-0.141369	-0.147666	-0.194547	-0.0640489	-0.0331159	0.288218	-0.0415176	-0.0369776	0.326419	-0.0548186	-0.0135924	-0.0370738	-0.0464589	-0.0400972	-0.0878487	0.294958	-0.0343548	-0.109579	0.0842664	-0.0507595	-0.0881262	0.178261	-0.0564591	0.317357	0.299291	-0.0718686	-0.179288	-0.00780555	0.198804	-0.0332133	-0.072951	0.189489	-0.0219396	0.0617624	-0.0453485	-0.0744668	-0.0612463	-0.0488748	-0.0383709	0.0475031	0.199246	0.00625387	-0.0493792	0.165226	-0.0743332	-0.145622	0.00550455	0.149672	0.0391193	-0.0576421	0.165959	-0.0543776	-0.0181893	-0.15458	0.0200994	-0.050669	-0.0449343	-0.200527	-0.164687	0.00531235	-0.0152103	0.155374	-0.0464479	0.0154472	-0.0363071	-0.0488131	-0.0356273	-0.0482935	-0.122334	-0.0420528	-0.0740976	-0.0755675	-0.133073	-0.0616815	0.0858063	-0.0319324	-0.0308809	-0.151005	-0.0282567	-0.0158115	0.194411	-0.00275395	0.0794584	-0.0242273	-0.042833	0.00766167	-0.0649579	-0.00797334	0.102416	-0.0443452	0.0990244	-0.0695146	0.151629	0.0669082	-0.0588423	0.0042559	-0.115809	-0.0757875	-0.0376121	0.0700551	-0.0752956	0.216248	-0.150103	0.272769	-0.024149	-0.0402498	-0.13956	-0.0835421	0.195525	-0.119707	-0.0473739	0.247921	-0.0420057	-0.050212	0.304487	-0.0371613	-0.0363197	-0.0835882	0.00516945	-0.0312652	-0.015755	0.192766	-0.0332926	0.0239352	0.237605	-0.0842865	-0.0207717	0.149341	0.0740636	-0.0257906	-0.0329913	-0.0543782	0.0244774	0.239942	-0.0304408	-0.114145	-0.0625499	-0.0338597	-0.0336548	-0.0386395	0.00999033	-0.0371703	-0.0526289	-0.0410162	-0.031353	-0.0574278	0.00909551	-0.0608444	0.0676796
