1	-0.000393801	0.211191	-0.0280708	-0.0133288	-0.0303579	-0.0494162	-0.00436354	-0.0501979	-0.0531582	-0.0320445	-0.0302999	-0.0256672	-0.0171575	-0.0330061	0.336451	-0.0534132	-0.0183241	-0.0684932	-0.0334901	-0.0583019	0.206519	-0.0894077	-0.0272874	-0.0188666	0.213902	0.682188	-0.0956049	-0.00960869	-0.0168879	-0.0573671	-0.102793	-0.0486302	-0.0339852	-0.0298006	0.55754	-0.0121743	0.28576	0.0422736	-0.0419326	-0.0115571	0.30779	0.172415	-0.0304999	-0.0171611	-0.0192437	0.242493	4.76914e-05	0.190915	-0.00869308	-0.0201495	-0.0386622	0.000933359	0.168432	-0.0176012	-0.0684658	-0.0211525	0.629242	-0.0213857	-0.02921	-0.0394847	-0.0313988	0.240472	0.0500299	-0.0164892	-0.0328523	0.0576082	-0.0129528	0.00754799	-0.0196983	-0.0468707	0.105226	-0.0084127	-0.0234532	0.383166	-0.0115611	0.138372	-0.0427613	-0.0456662	-0.0178963	-0.0243554	-0.0142415	-0.0193025	-0.032252	-0.0329803	-0.101979	-0.0189516	-0.0301336	-0.0439233	-0.0154622	-0.00739783	-0.0198837	-0.0259018	-0.0160363	-0.0307596
-0.000393801	1	-0.0814774	-0.0189331	-0.0244135	-0.0198036	-0.0221615	-0.00657154	-0.0311096	-0.0276365	-0.0215114	-0.0108283	-0.031866	-0.00831961	-0.0224795	-0.0391556	-0.0292413	-0.0113287	-0.0543035	-0.0182858	-0.0433321	-0.0802382	-0.0434737	-0.024144	-0.0171941	-0.0703682	-0.0137555	-0.0466457	-0.0116551	-0.0151328	-0.028311	-0.0518571	-0.022108	-0.0163948	-0.0149918	-0.000993329	-0.0187844	-0.0178719	-0.00882307	-0.010341	-0.016595	-0.0178386	-0.017159	-0.0138778	-0.00332438	-0.00648731	-0.0531361	-0.0218469	-0.0188758	0.0154695	-0.0172561	-0.0123081	-0.0159777	-0.014851	-0.0235305	0.0411603	-0.0152671	0.00317304	0.122512	-0.00780794	0.103715	-0.00316249	-0.0123059	-0.0193212	-0.0187485	0.080572	0.086205	-0.00536852	-0.00753933	0.000102075	0.0719675	-0.00890606	-0.00491532	-0.0088439	-0.005049	0.173537	-0.0442079	-0.0373285	-0.0247323	-0.0165442	0.123321	-0.0153795	0.00218527	-0.0152692	-0.0307362	-0.0605303	-0.00654245	-0.00543148	-0.0271847	0.198299	0.100827	-0.0177853	-0.011912	-0.0134032	-0.0101678
0.211191	-0.0814774	1	-0.111148	-0.147376	0.221058	-0.185694	0.151824	0.368167	-0.227707	-0.164494	-0.183506	0.191944	0.105922	0.216582	0.580943	-0.224341	-0.116042	-0.378641	0.185643	0.404696	0.990631	0.516384	-0.113065	0.123829	0.713408	0.271245	0.368776	-0.112164	-0.0827334	0.352366	-0.532632	-0.219441	-0.170893	-0.122426	0.126656	-0.122825	0.180953	0.647717	-0.145065	0.146645	0.231612	0.708352	0.143621	-0.0768876	0.122797	0.462911	-0.0569678	0.290234	0.0887792	0.171764	-0.147131	-0.0912321	0.624217	0.132654	0.319199	0.2	0.133089	-0.0854498	-0.0932538	0.150301	0.0481634	0.233994	0.00946634	0.172074	0.0667671	-0.0116231	0.136785	-0.0722519	-0.0537857	0.244085	0.35702	-0.0793253	-0.108109	0.0920793	-0.12701	0.289476	-0.163512	0.198744	-0.0864035	-0.145637	0.0979641	-0.127202	-0.106614	0.0159985	-0.448836	0.155979	-0.0644655	-0.154984	-0.0335455	0.111028	-0.07277	-0.0653871	-0.116523	0.0900155
-0.0280708	-0.0189331	-0.111148	1	-0.016849	-0.0305192	-0.0179531	-0.0181286	-0.0402586	-0.03569	-0.0235382	-0.0164008	-0.0239177	-0.0137036	-0.0164011	-0.0603297	-0.032334	-0.00387539	0.251775	-0.0205382	-0.0570127	-0.112138	-0.0494478	-0.0177315	-0.00617234	-0.100966	-0.030385	-0.0558841	-0.00753348	-0.0241053	-0.0303596	0.171569	-0.0247937	-0.0274166	-0.0258971	-0.0123965	-0.0111131	-0.0314507	-0.0891515	-0.0192459	-0.0112999	-0.0244825	-0.100943	-0.0156914	-0.0106867	-0.0128065	-0.0699246	-0.0138594	-0.0349113	0.00732133	-0.0192978	-0.0115749	-0.0107249	-0.0973583	-0.0202659	-0.0434319	-0.0227828	-0.0167842	0.0109052	-0.00856517	-0.0193162	-0.0227472	-0.0235992	-0.0223228	-0.0199877	-0.0249986	-0.00527464	-0.0128373	-0.0183614	-0.0112365	-0.0244814	-0.053047	-0.00666734	-0.00270983	-0.0162451	-0.0121303	-0.056883	0.383199	-0.0342958	-0.0191772	-0.0164572	-0.0113294	-0.00583371	-0.0291955	-0.0365016	0.156976	-0.020125	-0.00733861	-0.0195453	-0.0018143	-0.0389477	-0.0164025	-0.017526	-0.0178644	-0.00568593
-0.0133288	-0.0244135	-0.147376	-0.016849	1	-0.0286208	-0.0322907	-0.0266621	-0.0519461	-0.0307065	-0.0269839	-0.0157295	-0.0301772	-0.0237109	-0.040168	-0.0858249	-0.0371146	-0.0197743	-0.0512778	-0.0306339	-0.0610948	-0.147636	-0.084213	-0.0243909	-0.0223134	-0.127166	-0.0283353	-0.0832875	-0.0225355	-0.0082062	-0.0431405	0.236992	-0.0361747	-0.0120669	-0.0261062	-0.00729323	-0.0238161	-0.0311263	-0.109181	-0.0226037	-0.012854	-0.0344175	-0.116925	-0.0130127	-0.0226958	-0.0241897	-0.0825467	0.620244	-0.0388134	-0.0221315	-0.0380623	-0.0199739	-0.0197077	-0.0855801	-0.0106957	-0.0155669	-0.0171579	-0.00599693	-0.0267098	0.00866355	-0.0353445	-0.011174	0.0421302	-0.0301874	-0.030154	-0.0230063	-0.0483632	-0.0199152	-0.0140795	-0.0289332	-0.0409533	-0.0326071	-0.022335	-0.0189411	-0.0221056	-0.0208127	-0.0191496	0.0239209	-0.0320554	-0.0126424	-0.038882	-0.0224578	-0.025497	-0.0263945	-0.0344237	0.150959	-0.0205766	-0.000733861	-0.0196054	-0.0209246	-0.0102053	-0.0173143	-0.008677	-0.019481	-0.0257426
-0.0303579	-0.0198036	0.221058	-0.0305192	-0.0286208	1	-0.0378485	-0.0385188	-0.0599329	-0.0375152	-0.0432541	-0.0421163	-0.0449084	-0.0268807	-0.0348731	-0.100513	-0.0377501	-0.0313319	-0.0869248	-0.0335255	0.495878	0.218792	-0.0910597	-0.034688	-0.0167709	0.256021	-0.0433078	-0.0876187	-0.0207236	-0.00782432	-0.0742714	-0.122537	-0.0608797	-0.0356565	-0.0210312	-0.00274847	-0.0212049	-0.0384367	-0.149105	-0.0472716	-0.030665	-0.0353314	-0.161523	-0.0270779	-0.0173968	-0.0188586	-0.108047	-0.0260888	-0.0563843	-0.0159813	-0.0274664	-0.022588	-0.0266159	-0.160038	0.629864	-0.0889361	-0.0238348	-0.0123303	-0.0196824	-0.000428157	-0.0510314	0.384836	-0.0530122	-0.0285064	-0.0263091	-0.030478	-0.0604487	-0.0328931	-0.0198604	-0.0234814	-0.0610461	-0.0749293	-0.0217343	-0.0226263	-0.0108811	-0.027179	-0.0810294	-0.0485899	-0.0564448	-0.0173277	-0.0231216	-0.0163849	-0.0337562	-0.019964	-0.0381687	-0.122448	-0.0382826	-0.00699118	-0.0435577	-0.0171838	0.704414	-0.0203111	-0.00477786	-0.034554	-0.0239447
-0.0494162	-0.0221615	-0.185694	-0.0179531	-0.0322907	-0.0378485	1	-0.0160788	-0.0666795	-0.0548553	-0.0424334	-0.0410608	-0.0313832	-0.018206	-0.0279564	-0.116246	-0.0488702	-0.0239376	-0.0885045	-0.0356083	-0.0673094	-0.187224	-0.100484	-0.0286191	-0.0241924	-0.160745	-0.067284	-0.0981672	-0.0284157	-0.0285566	-0.0651365	0.0279996	-0.0561887	-0.0379188	-0.02068	-0.0285178	-0.0268643	-0.0697949	-0.15436	-0.0392258	-0.023512	-0.0624982	-0.17934	-0.0284401	-0.0235302	-0.0319438	-0.132819	-0.0362599	-0.0772009	-0.0267264	-0.0367423	0.659486	-0.0235003	-0.167301	-0.023422	-0.0732594	-0.0400967	-0.0208117	0.0558324	-0.0229736	-0.0470363	-0.0259442	-0.0451046	-0.034171	-0.05412	-0.052024	-0.0121345	-0.019803	-0.0279351	-0.0161672	-0.0653447	-0.0710256	-0.00989026	-0.0264903	-0.0324951	-0.0295609	-0.0872022	-0.0492034	-0.0377378	-0.0375174	-0.0379138	-0.0244657	-0.0157368	-0.0264539	-0.0391178	0.0327688	-0.0451733	-0.0310563	-0.0507396	0.0834576	-0.0478278	-0.0185138	-0.0297958	-0.016617	-0.0332725
-0.00436354	-0.00657154	0.151824	-0.0181286	-0.0266621	-0.0385188	-0.0160788	1	-0.0531395	-0.0367124	-0.0245603	-0.0298585	-0.031108	-0.00156926	-0.0194969	-0.0566501	-0.0394417	-0.0299293	-0.0529921	-0.0286297	0.354799	0.148861	-0.0585984	-0.0162335	-0.0114582	0.176051	-0.0192474	-0.0592413	-0.013967	-0.0118083	0.390999	-0.0807609	-0.0514948	-0.0263614	-0.0153267	-0.00585454	-0.00463223	-0.0313452	0.165093	-0.0296568	-0.0178891	-0.0290468	0.145819	-0.0225227	-0.00184478	-0.00299149	0.20902	-0.0226664	-0.023228	-0.00293534	-0.0283725	-0.0105887	-0.0136226	0.121303	-0.0215381	-0.0546069	-0.0235345	-0.00530782	-0.033696	-0.00521828	-0.0263725	-0.0288872	0.423826	-0.0282978	-0.0229476	-0.0217025	-0.0107053	0.878785	-0.0264931	-0.015146	-0.0346305	0.0484088	-0.0152891	-0.0248143	-0.0143495	-0.0245736	0.232023	0.029873	-0.0357853	-0.0210946	-0.0317748	-0.000603116	-0.0159383	-0.0156215	-0.0319456	-0.0462506	-0.00898086	-0.00932454	-0.0356886	-0.0273406	-0.0446793	-0.0152918	-0.018161	-0.018188	-0.0181962
-0.0501979	-0.0311096	0.368167	-0.0402586	-0.0519461	-0.0599329	-0.0666795	-0.0531395	1	-0.102809	-0.0547592	-0.0620285	-0.0536216	-0.0286692	-0.0618178	-0.1806	-0.0999885	-0.0274636	-0.136207	-0.0695607	-0.11466	0.368224	-0.166821	-0.0364031	-0.0296404	-0.26281	-0.0742994	-0.174121	-0.0390025	-0.0372539	-0.110658	-0.19902	-0.0340489	-0.0739351	-0.0568662	-0.0306309	-0.0366489	-0.0750204	0.34705	0.00394699	-0.022764	-0.0740883	0.302408	0.429639	-0.0278167	-0.0354026	-0.192214	0.0431874	-0.0973099	0.236893	-0.0585653	-0.0577176	-0.0255488	0.269146	-0.0386025	0.583669	0.488767	-0.0210174	-0.0563872	-0.0407981	0.527365	-0.026808	-0.0814072	-0.049691	-0.0608383	0.264931	-0.08861	-0.0475494	-0.0371244	-0.0190528	0.725018	0.125442	-0.0315975	-0.0280327	-0.0329951	-0.0513536	-0.128778	-0.0507579	-0.0316244	-0.0354555	-0.052418	-0.0308756	-0.0476432	-0.049412	-0.0569239	-0.148412	-0.0433433	-0.0419428	-0.0155537	-0.0474706	-0.0773433	-0.0253083	-0.0338501	-0.0364103	-0.0210978
-0.0531582	-0.0276365	-0.227707	-0.03569	-0.0307065	-0.0375152	-0.0548553	-0.0367124	-0.102809	1	-0.0582484	-0.0626669	-0.025491	-0.027438	-0.0593747	-0.133529	0.900511	-0.0426955	-0.116263	-0.0349399	-0.0754237	-0.225265	-0.117506	-0.0296621	-0.0303399	0.0599548	-0.0597251	0.169444	-0.0400647	-0.0279019	-0.091147	0.124697	-0.0828628	0.640439	0.53104	-0.0357688	-0.0366596	-0.0448854	0.0391755	-0.0615798	-0.0224593	-0.0585047	0.0190854	-0.0273146	-0.00373527	-0.0274869	0.10104	-0.0228742	-0.0774893	0.00107709	-0.0272633	-0.0422883	-0.0396845	-0.0172772	-0.0185298	-0.0892665	-0.0502826	-0.0359089	0.23481	0.32029	-0.0583568	0.00359644	-0.0775793	-0.0288822	-0.0277512	-0.0252146	0.141499	-0.0341465	-0.00576276	-0.0189256	-0.0762232	-0.0641904	0.150587	-0.0267594	-0.0327842	-0.0237317	0.120209	-0.0723863	-0.0235392	0.0031658	-0.0416293	-0.0151827	-0.0419511	0.478391	0.342138	0.12508	-0.0402384	0.263497	-0.083477	-0.0241506	-0.0339357	0.00148655	-0.0352489	0.0770721	-0.0255856
-0.0320445	-0.0215114	-0.164494	-0.0235382	-0.0269839	-0.0432541	-0.0424334	-0.0245603	-0.0547592	-0.0582484	1	-0.0439923	-0.0328047	-0.00869515	-0.0308054	-0.0983081	-0.0513662	-0.0158896	0.470755	-0.037131	-0.0696775	-0.166158	-0.0894347	-0.0103729	-0.019284	-0.146357	-0.04214	-0.0844419	0.608554	-0.0257441	-0.0558921	0.140782	-0.0493637	-0.0419193	-0.0262354	-0.0107287	-0.0367959	-0.0418666	-0.130524	-0.0338136	-0.0245686	-0.0384361	-0.146951	-0.0285765	-0.0355254	-0.0147876	-0.107201	-0.0202476	-0.0456736	-0.0161099	-0.0243123	-0.0404452	-0.0307639	-0.133296	-0.0229777	-0.060231	-0.0269064	-0.0284668	-0.0347866	-0.0264638	-0.0410065	0.105238	-0.0560758	-0.0240495	-0.0338627	-0.0413431	-0.0454936	-0.0258536	-0.021569	-0.01667	-0.0489675	-0.0654538	-0.0116428	-0.0239091	-0.0199934	-0.0394879	-0.0806857	-0.0417339	-0.0293335	-0.0297253	0.119588	-0.0206267	0.324349	-0.0267205	-0.0378934	0.113386	0.0266781	-0.0186947	-0.0321777	-0.0298308	0.0381697	-0.0297857	-0.0208082	-0.0168048	-0.0139451
-0.0302999	-0.0108283	-0.183506	-0.0164008	-0.0157295	-0.0421163	-0.0410608	-0.0298585	-0.0620285	-0.0626669	-0.0439923	1	-0.0391486	-0.0199967	-0.0376316	-0.107663	-0.0583968	-0.016737	-0.0772859	-0.0364001	-0.0787681	-0.184705	-0.0987887	-0.0225412	-0.0088148	-0.163698	-0.0406735	-0.107252	-0.0306108	-0.00469519	-0.0750776	-0.119959	0.638444	-0.0419582	-0.0415355	-0.0173622	-0.0257806	-0.035812	-0.165288	0.698632	-0.0304213	-0.0378071	-0.174122	-0.0236137	-0.0260811	-0.0208795	-0.121946	-0.0197278	-0.039293	-0.0173132	-0.0368015	-0.0181918	0.377765	-0.163054	-0.0292487	-0.0801668	-0.0310819	-0.0165872	0.0454515	-0.027964	-0.0535912	-0.0270984	-0.0483397	-0.0222039	-0.0141895	-0.0299081	0.0247183	-0.0271222	-0.0282118	-0.018513	-0.0625267	-0.0703044	-0.0229175	-0.0184847	-0.0107156	-0.0233528	-0.0926262	-0.0424282	-0.0452984	-0.0193487	-0.0268654	0.0102525	-0.00876522	-0.0331735	-0.0500022	-0.113301	-0.0297016	-0.027346	0.571355	0.106959	-0.0507333	-0.0101818	-0.00482187	-0.0396639	-0.023219
-0.0256672	-0.031866	0.191944	-0.0239177	-0.0301772	-0.0449084	-0.0313832	-0.031108	-0.0536216	-0.025491	-0.0328047	-0.0391486	1	-0.028278	-0.0409277	-0.0988992	-0.0286732	-0.0268232	-0.072185	-0.0275667	0.480288	0.192901	-0.0914354	-0.0130133	-0.036463	0.223512	-0.0416066	-0.0870254	-0.0246606	-0.0211405	-0.0264757	-0.100373	-0.0572342	-0.0169746	-0.013189	-0.00295339	-0.0367168	-0.0296556	0.203569	-0.0427663	-0.0241713	-0.0292764	0.183554	-0.021348	-0.0261691	-0.0234702	-0.0975971	0.00310404	-0.0576603	-0.00297439	-0.0195887	-0.0360378	-0.0241967	0.172827	-0.0213111	0.347822	-0.0124856	-0.0166217	-0.0244926	-0.0150947	-0.0364711	-0.0360481	-0.0530537	-0.0259458	-0.0240033	0.0327181	-0.0437031	-0.0211502	-0.0139928	-0.00437819	-0.0398913	0.162041	-0.0117575	-0.00782834	-0.0101728	-0.0246892	-0.0685827	-0.022098	0.622137	-0.0204056	-0.0349637	-0.024617	-0.0231376	-0.00559388	-0.0321137	-0.0708616	-0.0437912	-0.0198006	-0.0535156	-0.00374532	-0.0516385	-0.0149843	-0.0160177	-0.00734388	-0.0137819
-0.0171575	-0.00831961	0.105922	-0.0137036	-0.0237109	-0.0268807	-0.018206	-0.00156926	-0.0286692	-0.027438	-0.00869515	-0.0199967	-0.028278	1	-0.0241974	0.187402	-0.0256103	-0.0152987	-0.0298893	-0.0261725	-0.0433434	0.104601	0.209077	-0.00580438	-0.0117901	0.119913	0.439326	-0.053815	-0.0151243	-0.00365742	-0.0297691	-0.059902	-0.0220713	-0.0133903	-0.0251429	-5.27609e-06	-0.0179397	0.434996	-0.0810907	-0.0158416	-0.0119587	0.462977	0.1067	-0.0208674	-0.0121461	0.899264	0.154864	-0.0168612	0.32407	-0.00979473	-0.0232396	-0.0240828	-0.00215834	0.0980603	0.000518789	-0.0472977	-0.020144	-0.00943105	-0.00834706	-0.0131172	-0.0222423	-0.0138395	-0.0256047	0.0862101	0.612846	-0.0239944	0.069761	-0.00458881	-0.0196362	-0.0114716	-0.0289488	0.0665207	-0.00406921	-0.0123798	0.000677047	-0.0155588	-0.0468637	-0.0188042	-0.0346618	-0.0201338	-0.0155365	0.665254	-0.0161818	-0.0253684	-0.0246369	-0.0546296	-0.011403	-0.0152935	-0.0129495	-0.00304558	-0.0183498	-0.0116485	0.0137605	-0.0128457	-0.00499812
-0.0330061	-0.0224795	0.216582	-0.0164011	-0.040168	-0.0348731	-0.0279564	-0.0194969	-0.0618178	-0.0593747	-0.0308054	-0.0376316	-0.0409277	-0.0241974	1	0.366022	-0.0539238	-0.023902	-0.082435	-0.0258363	-0.0728947	0.214325	0.405954	-0.0338651	0.575867	0.247691	-0.0528934	0.386671	-0.0196685	-0.0131789	0.477815	-0.119254	-0.0522834	-0.0540895	-0.0168041	-0.0129664	-0.033821	-0.0382846	0.222314	-0.0332496	-0.0125844	0.0204434	0.201254	-0.0323159	-0.0219289	-0.0166156	0.283409	-0.0275599	0.0524823	-0.0128	-0.0180995	-0.0269719	-0.0173767	0.196869	-0.0158263	-0.0710707	-0.0153881	-0.0253666	-0.0374496	-0.0237777	-0.0462848	-0.0287645	0.410331	0.0103619	-0.0230285	-0.00475293	-0.0219692	-0.00211878	0.000118794	-0.0169614	-0.047118	0.118974	-0.00807215	-0.0244402	-0.0244989	-0.0182445	0.283288	-0.0500788	-0.0432138	0.00240826	-0.0388838	-0.011197	-0.0254515	-0.0105292	-0.0306279	-0.121375	0.0493646	-0.0257882	-0.043868	-0.0213032	-0.0549029	-0.0113344	-0.017386	-0.0288642	0.0269667
0.336451	-0.0391556	0.580943	-0.0603297	-0.0858249	-0.100513	-0.116246	-0.0566501	-0.1806	-0.133529	-0.0983081	-0.107663	-0.0988992	0.187402	0.366022	1	-0.134237	-0.0661071	-0.216727	0.343565	-0.201363	0.580091	0.89805	-0.0674311	0.218417	0.670202	0.457806	0.694986	-0.0699194	-0.0453922	0.451278	-0.29349	-0.15133	-0.0934391	-0.0775289	0.192225	-0.0738918	0.306085	0.381135	-0.109067	0.239054	0.360524	0.506632	-0.0875581	-0.0594463	0.208731	0.742272	-0.0593828	0.483885	-0.0399334	0.259155	-0.0871271	-0.0462232	0.462934	-0.0551675	-0.213428	-0.07368	0.210554	-0.0417879	-0.0593707	-0.126206	-0.0646234	0.270375	0.10472	0.29864	-0.0774704	0.113924	-0.0440044	-0.0197023	-0.014842	-0.147879	0.313247	-0.0416568	-0.0803496	0.109147	-0.0577769	0.445177	-0.121078	-0.117404	-0.0417359	-0.0786837	0.174657	-0.0710317	-0.0658451	0.127183	-0.276033	0.275963	-0.0166158	-0.102658	-0.0147434	-0.103822	-0.0472543	-0.0285364	-0.0720073	0.157491
-0.0534132	-0.0292413	-0.224341	-0.032334	-0.0371146	-0.0377501	-0.0488702	-0.0394417	-0.0999885	0.900511	-0.0513662	-0.0583968	-0.0286732	-0.0256103	-0.0539238	-0.134237	1	-0.034022	-0.105675	-0.0339934	-0.0755205	-0.224117	-0.118296	-0.0265725	-0.03048	0.098532	-0.0601494	0.214198	-0.0345607	-0.0204238	-0.0927071	0.0816876	-0.0816553	0.545782	0.572191	-0.0362706	-0.0455862	-0.049912	0.0760052	-0.0608411	-0.0277349	-0.0582523	0.0512001	-0.0388781	0.0105091	-0.0220069	0.137103	-0.0292495	-0.0806799	-0.0121091	-0.0265953	-0.0414153	-0.0310391	0.00637313	-0.0174333	-0.0964355	-0.0491672	-0.0334027	0.278782	-0.00283988	-0.0681748	0.00965385	-0.0745021	-0.0325734	-0.0326163	-0.0359286	0.172231	-0.037732	-0.00981917	-0.0153303	-0.0840318	-0.0571808	0.161357	-0.019111	-0.0294774	-0.0336456	0.157656	-0.0627405	-0.0338188	-0.00264381	-0.041381	-0.0202236	-0.0367328	0.515743	0.390486	0.0992642	-0.0464525	-0.00626247	-0.0717007	-0.0296487	-0.0331934	-7.40828e-05	-0.031504	0.08108	-0.0288496
-0.0183241	-0.0113287	-0.116042	-0.00387539	-0.0197743	-0.0313319	-0.0239376	-0.0299293	-0.0274636	-0.0426955	-0.0158896	-0.016737	-0.0268232	-0.0152987	-0.023902	-0.0661071	-0.034022	1	-0.0439339	-0.0181475	-0.0567412	-0.117841	-0.061743	-0.0159495	-0.00793174	-0.105189	-0.0261264	-0.065056	-0.0129774	-0.0213949	-0.0548903	0.163892	-0.0128334	-0.0254566	-0.0158209	-0.0138651	-0.00740895	-0.0307411	-0.0987723	-0.00928589	-0.0163195	-0.0270854	-0.110368	-0.0213533	-0.0120778	-0.0143992	-0.0852452	0.00827947	-0.0312024	-0.0103454	-0.0247106	-0.0273576	0.00556028	-0.107283	-0.0145075	-0.048885	-0.0181442	-0.0112624	-0.0273365	-0.0148616	-0.0268344	-0.0249227	-0.0434183	-0.00239045	-0.0192745	-0.0211827	-0.00433665	-0.0221745	-0.0170233	-0.0128341	-0.0351393	-0.0530594	-0.0168093	-0.01407	-0.0215679	-0.0195862	-0.0672733	0.0853863	-0.0326169	-0.0178135	-0.014723	-0.016991	0.21002	-0.0134184	-0.0299709	0.0542351	-0.0177665	-0.00925088	-0.0231196	-0.0176167	-0.037249	-0.00834267	-0.0191906	-0.0198857	-0.0114132
-0.0684932	-0.0543035	-0.378641	0.251775	-0.0512778	-0.0869248	-0.0885045	-0.0529921	-0.136207	-0.116263	0.470755	-0.0772859	-0.072185	-0.0298893	-0.082435	-0.216727	-0.105675	-0.0439339	1	-0.0811229	-0.162205	-0.385173	-0.193612	0.329986	-0.0478135	-0.328546	-0.0951025	-0.194603	0.287474	0.22924	-0.130921	0.523472	-0.0578657	-0.0757635	-0.0585866	-0.0438797	-0.0582575	-0.10018	-0.310362	-0.0801167	-0.0627906	-0.0937211	-0.349502	-0.0586405	-0.0517992	-0.0429002	-0.242315	-0.0514316	-0.104586	-0.0343907	-0.0508461	-0.0717894	-0.0484394	-0.297564	-0.0521848	-0.130387	-0.072781	-0.0417915	-0.0721186	-0.0413972	-0.0519483	0.0245174	-0.102362	-0.0640656	-0.06712	-0.0753285	-0.0986372	-0.0453454	-0.0457182	0.12182	-0.0873479	-0.157354	0.0918575	-0.0499969	-0.0313695	-0.068311	-0.174544	0.401746	-0.0927418	-0.0552989	0.0104828	-0.0431482	0.190859	-0.0556489	-0.0932642	0.381261	-0.0369851	-0.0381339	0.052634	-0.0565082	-0.0480656	-0.0486904	0.211236	0.216094	-0.0449775
-0.0334901	-0.0182858	0.185643	-0.0205382	-0.0306339	-0.0335255	-0.0356083	-0.0286297	-0.0695607	-0.0349399	-0.037131	-0.0364001	-0.0275667	-0.0261725	-0.0258363	0.343565	-0.0339934	-0.0181475	-0.0811229	1	-0.0676173	0.19175	0.385522	-0.0175758	-0.000659795	0.23416	-0.0489305	0.377711	-0.0237026	-0.0257961	-0.060185	-0.0888212	-0.0561619	-0.026023	-0.0238887	-0.0191598	-0.0342695	-0.0386462	0.200618	-0.0418295	0.663275	-0.0422644	0.150829	-0.0368053	-0.0171272	-0.0253198	0.239801	-0.018174	-0.0316293	-0.0126175	-0.0293541	-0.0245076	-0.0154845	0.102724	-0.0252304	-0.0776439	-0.041055	-0.0210506	0.0233244	-0.0228241	-0.0386885	-0.0154434	-0.0405731	-0.0188445	-0.0111419	-0.033825	-0.0130221	-0.0227676	-0.001885	-0.00945007	-0.0576007	0.0827753	-0.0253834	-0.0282451	-0.0171533	-0.0244469	0.226331	-0.0348426	-0.0470838	-0.0131242	-0.0140394	0.0175837	-0.0154433	-0.0083336	0.455704	-0.0785398	-0.0243536	-0.000640686	-0.00313456	0.0573703	-0.0366644	-0.019789	0.0124907	-0.0232172	-0.0307158
-0.0583019	-0.0433321	0.404696	-0.0570127	-0.0610948	0.495878	-0.0673094	0.354799	-0.11466	-0.0754237	-0.0696775	-0.0787681	0.480288	-0.0433434	-0.0728947	-0.201363	-0.0755205	-0.0567412	-0.162205	-0.0676173	1	0.418346	-0.185067	-0.0465593	-0.053764	0.48245	-0.0906791	-0.14858	-0.048532	-0.0296444	0.0836035	-0.231631	-0.115542	-0.0654502	-0.0364625	-0.0213613	-0.0590738	-0.0414023	0.193515	-0.088406	-0.0525022	-0.0346728	0.170095	-0.0508589	-0.0228076	-0.0398133	-0.0421463	-0.0375741	-0.0741815	-0.0173269	-0.0133241	-0.0537933	-0.0547814	0.143905	0.316534	0.243991	-0.0472715	-0.039914	-0.052929	-0.0253945	-0.0829311	0.141502	0.0968667	-0.0648034	-0.0607129	-0.0342605	-0.0841619	0.310102	-0.0489853	-0.0387216	-0.0973937	0.0758212	-0.0364707	-0.0334389	0.0346726	-0.0717822	0.00934141	-0.0418377	0.512957	-0.0486364	-0.0743084	-0.0396959	-0.0583008	-0.03106	-0.0712493	-0.183611	-0.0646701	-0.0327399	-0.102893	-0.0297925	0.336689	0.0439873	-0.0322257	-0.0500119	-0.0414451
0.206519	-0.0802382	0.990631	-0.112138	-0.147636	0.218792	-0.187224	0.148861	0.368224	-0.225265	-0.166158	-0.184705	0.192901	0.104601	0.214325	0.580091	-0.224117	-0.117841	-0.385173	0.19175	0.418346	1	0.516148	-0.11398	0.122276	0.720924	0.269591	0.369012	-0.117372	-0.0830737	0.349487	-0.540338	-0.223881	-0.170743	-0.122517	0.126251	-0.12442	0.180813	0.660715	-0.146796	0.148389	0.231136	0.721357	0.148226	-0.0823403	0.121347	0.464615	-0.058425	0.289899	0.091408	0.170721	-0.147628	-0.0946441	0.636613	0.130968	0.334144	0.200556	0.134044	-0.0847631	-0.0924762	0.152738	0.0475741	0.232815	0.006128	0.170444	0.0672124	-0.0117771	0.134001	-0.0741285	-0.0529859	0.245563	0.362658	-0.0803873	-0.110912	0.091491	-0.128104	0.291879	-0.166478	0.219287	-0.0880794	-0.147689	0.0965418	-0.129938	-0.106968	0.0212081	-0.456092	0.157003	-0.0639767	-0.159943	-0.0340815	0.110466	-0.0249816	-0.0651935	-0.118289	0.0904189
-0.0894077	-0.0434737	0.516384	-0.0494478	-0.084213	-0.0910597	-0.100484	-0.0585984	-0.166821	-0.117506	-0.0894347	-0.0987887	-0.0914354	0.209077	0.405954	0.89805	-0.118296	-0.061743	-0.193612	0.385522	-0.185067	0.516148	1	-0.0579135	0.24247	0.608114	0.180089	0.786512	-0.0634439	-0.0394375	0.510356	-0.26114	-0.135306	-0.0836407	-0.0673445	-0.0472178	-0.07118	0.192811	0.390473	-0.095322	0.261473	0.241305	0.459798	-0.0785135	-0.0557714	0.232322	0.680833	-0.0616988	0.42597	-0.0375911	0.289147	-0.0731797	-0.0484578	0.414229	-0.0495165	-0.197517	-0.0741398	-0.0577063	-0.0371473	-0.0488477	-0.115646	-0.0519869	0.180484	0.0838841	0.327134	-0.0720754	0.0908064	-0.0416858	-0.0265449	-0.00581158	-0.140474	0.281105	-0.0407134	-0.073283	-0.0545963	-0.0555467	0.412796	-0.103293	-0.102201	-0.0394243	-0.070789	0.194573	-0.0593193	-0.0534298	0.15139	-0.24075	0.303027	-0.0028676	-0.0873439	-0.0117704	-0.104936	-0.0417668	-0.0186525	-0.0684129	0.181453
-0.0272874	-0.024144	-0.113065	-0.0177315	-0.0243909	-0.034688	-0.0286191	-0.0162335	-0.0364031	-0.0296621	-0.0103729	-0.0225412	-0.0130133	-0.00580438	-0.0338651	-0.0674311	-0.0265725	-0.0159495	0.329986	-0.0175758	-0.0465593	-0.11398	-0.0579135	1	-0.0224678	-0.0983998	-0.0346659	-0.0588811	0.015947	-0.0249059	-0.0463983	0.153263	-0.0205502	-0.0201961	-0.0182048	-0.0215693	-0.0183831	-0.0316309	-0.0931426	-0.0253097	-0.0189486	-0.0301436	-0.104923	-0.0115151	-0.00391752	-0.0176047	-0.0792466	-0.0216215	-0.0465284	-0.00985375	-0.0291731	-0.0167784	-0.011999	-0.097892	-0.0214747	-0.0378969	-0.0144149	-0.0143167	-0.024166	-0.00507888	-0.0273383	-0.0183319	-0.0363164	-0.0236194	-0.0186775	-0.0236302	-0.044138	-0.0105703	-0.0195422	-0.0074097	-0.031576	-0.0385595	-0.0121503	-0.0241289	-0.0172403	-0.0323842	-0.0555301	0.475157	-0.0183459	-0.0202398	-0.00981442	-0.0079525	0.00825385	-0.0097379	-0.025143	0.16347	-0.0342809	-0.00479252	-0.00638927	-0.0271756	-0.039367	-0.00754267	-0.0185175	-0.0168566	-0.0104244
-0.0188666	-0.0171941	0.123829	-0.00617234	-0.0223134	-0.0167709	-0.0241924	-0.0114582	-0.0296404	-0.0303399	-0.019284	-0.0088148	-0.036463	-0.0117901	0.575867	0.218417	-0.03048	-0.00793174	-0.0478135	-0.000659795	-0.053764	0.122276	0.24247	-0.0224678	1	0.141462	-0.0290095	0.230299	-0.0119838	0.0053585	0.294009	-0.0654432	-0.030886	-0.0264363	-0.00685185	-0.00541545	-0.0164738	-0.0281158	0.132506	-0.00717843	0.00922264	-0.0276655	0.1193	-0.0125455	-0.0162791	-0.0147284	0.173439	-0.0174406	0.0610266	-0.0011281	0.00252851	-0.0132339	-0.00808722	0.12381	0.00214475	-0.0441765	-0.00530355	-0.0181214	-0.0304233	-0.0114408	-0.0263609	-0.0169466	0.267961	0.0336446	-0.00783013	-0.0101312	-0.000871327	0.0065015	-0.0119316	-0.00921407	-0.0230865	0.0545582	0.000514261	-0.0280978	-0.0216972	-0.022498	0.158799	-0.0235348	-0.0387748	-0.00911294	-0.0265978	0.000168916	-0.0149211	-0.00723944	-0.0066565	-0.0741462	0.121877	-0.014251	-0.017688	-0.0202819	-0.0277628	-0.00955142	-0.00231739	-0.0165637	0.057315
0.213902	-0.0703682	0.713408	-0.100966	-0.127166	0.256021	-0.160745	0.176051	-0.26281	0.0599548	-0.146357	-0.163698	0.223512	0.119913	0.247691	0.670202	0.098532	-0.105189	-0.328546	0.23416	0.48245	0.720924	0.608114	-0.0983998	0.141462	1	0.312079	0.629638	-0.106367	-0.0670402	0.412943	-0.464986	-0.235741	-0.137176	0.203189	0.140696	-0.116896	0.227034	0.542585	-0.17349	0.155112	0.273135	0.628431	-0.120215	-0.0728647	0.142275	0.71569	-0.0891538	0.33985	-0.0493234	0.209414	-0.124013	-0.0868328	0.542164	0.157467	-0.0481839	-0.11136	0.143425	-0.083221	-0.0651591	-0.183083	0.064949	0.276938	0.0269895	0.204856	-0.097326	0.0249587	0.159962	-0.0521579	-0.041954	-0.220085	0.306384	0.021306	-0.102122	0.103455	-0.107705	0.495504	-0.15149	0.24165	-0.0675534	-0.129783	0.110051	-0.113663	0.188653	0.269646	-0.388948	0.17699	-0.0333201	-0.184122	-0.0448124	0.146442	-0.0179664	-0.0552447	-0.0520189	0.0991484
0.682188	-0.0137555	0.271245	-0.030385	-0.0283353	-0.0433078	-0.067284	-0.0192474	-0.0742994	-0.0597251	-0.04214	-0.0406735	-0.0416066	0.439326	-0.0528934	0.457806	-0.0601494	-0.0261264	-0.0951025	-0.0489305	-0.0906791	0.269591	0.180089	-0.0346659	-0.0290095	0.312079	1	-0.130555	-0.03647	-0.0184977	-0.0880172	-0.144349	-0.0710504	-0.04426	-0.0409018	0.422045	-0.0232307	0.714542	-0.0636864	-0.0533792	-0.0250056	0.760009	0.264655	-0.0424646	-0.0299389	0.473308	0.378434	-0.0160858	0.530055	-0.0157944	-0.035592	-0.05282	-0.0101826	0.254014	-0.0241872	-0.107528	-0.0405531	0.471595	-0.0250623	-0.0322561	-0.0583758	-0.0298231	0.152433	0.161083	0.623945	-0.0417472	0.16816	-0.0211937	-0.0137148	-0.0233109	-0.0714349	0.200633	-0.0163664	-0.0385151	0.28412	-0.0276498	0.0522317	-0.0534398	-0.0720141	-0.0306014	-0.034492	0.358963	-0.0380217	-0.0400343	-0.0501782	-0.147304	-0.0303279	-0.0334115	-0.0584944	-0.021376	-0.0441333	-0.0288385	-0.0195221	-0.0374456	-0.0420827
-0.0956049	-0.0466457	0.368776	-0.0558841	-0.0832875	-0.0876187	-0.0981672	-0.0592413	-0.174121	0.169444	-0.0844419	-0.107252	-0.0870254	-0.053815	0.386671	0.694986	0.214198	-0.065056	-0.194603	0.377711	-0.14858	0.369012	0.786512	-0.0588811	0.230299	0.629638	-0.130555	1	-0.0663348	-0.0399035	0.509611	-0.280601	-0.146742	-0.0893001	0.302885	-0.0577518	-0.0804983	-0.113809	0.564777	-0.105038	0.257805	-0.0875542	0.487087	-0.0775795	-0.0531418	-0.05264	0.713123	-0.0649064	0.166167	-0.0355747	0.325335	-0.0703552	-0.0547398	0.411769	-0.0485618	-0.19864	-0.07669	-0.0654831	-0.0440932	-0.0420405	-0.120756	-0.0558765	0.175306	-0.00239098	-0.0659762	-0.0726869	0.0173599	-0.0457159	-0.0207569	-0.00442823	-0.149454	0.217405	0.0661371	-0.069963	-0.0655781	-0.0600108	0.600672	-0.112643	-0.0897506	-0.0319443	-0.0724029	-0.0187734	-0.0704751	0.279704	0.424061	-0.229961	0.296526	0.00179414	-0.100006	-0.014368	-0.112071	-0.0429928	-0.0270747	0.00301841	0.180558
-0.00960869	-0.0116551	-0.112164	-0.00753348	-0.0225355	-0.0207236	-0.0284157	-0.013967	-0.0390025	-0.0400647	0.608554	-0.0306108	-0.0246606	-0.0151243	-0.0196685	-0.0699194	-0.0345607	-0.0129774	0.287474	-0.0237026	-0.048532	-0.117372	-0.0634439	0.015947	-0.0119838	-0.106367	-0.03647	-0.0663348	1	-0.0124517	-0.0500441	0.201372	-0.0223813	-0.0260025	-0.025078	-0.0101785	-0.0258006	-0.037075	-0.104454	-0.0186503	-0.0167815	-0.0314857	-0.117881	-0.0155662	-0.0240602	-0.0184426	-0.0880902	-0.0159481	-0.0371508	-0.0156223	-0.0275619	-0.023069	-0.0204522	-0.110512	-0.00767233	-0.0454456	-0.0189347	-0.0155655	-0.022416	-0.0150561	-0.0257442	-0.0224914	-0.0443376	-0.0184987	-0.0276152	-0.0316897	-0.0245051	-0.0150588	-0.0202614	-0.00320711	-0.0350602	-0.0479469	-0.00858505	-0.00852676	-0.00682353	-0.0258067	-0.0696705	-0.0347862	-0.0227953	-0.0243736	-0.0295172	-0.0173727	0.556386	-0.0253481	-0.0343051	0.158907	0.045934	-0.0219519	-0.0226071	-0.0245572	-0.0311846	-0.0178769	-0.0148721	-0.0154445	-0.0184533
-0.0168879	-0.0151328	-0.0827334	-0.0241053	-0.0082062	-0.00782432	-0.0285566	-0.0118083	-0.0372539	-0.0279019	-0.0257441	-0.00469519	-0.0211405	-0.00365742	-0.0131789	-0.0453922	-0.0204238	-0.0213949	0.22924	-0.0257961	-0.0296444	-0.0830737	-0.0394375	-0.0249059	0.0053585	-0.0670402	-0.0184977	-0.0399035	-0.0124517	1	-0.0288419	0.151843	-0.0229472	-0.013649	-0.0055955	-0.0117862	-0.00961384	-0.0131185	-0.0764484	-0.0142321	-0.028792	-0.0195816	-0.0781	-0.0154042	-0.00912642	-0.00737028	-0.0414287	-0.0142668	-0.019407	-0.00472837	0.00176356	-0.0202101	-0.00409719	-0.0779205	-0.0064358	-0.0492917	-0.0256796	-0.0025284	0.00455122	-0.0143836	-0.0302306	-0.00915027	-0.0167014	-0.0204156	-0.0108709	-0.0159347	-0.00785786	-0.00665574	0.00393785	-0.0184908	-0.0407687	-0.0398688	-0.0157236	-0.0140979	-0.0150438	-0.00869992	-0.0347953	0.0694437	-0.0288607	-0.00123287	-0.0268865	-0.00574201	-0.0187447	-0.00616264	-0.0302241	-0.0228668	-0.00462593	-0.0168375	0.247385	0.00734947	-0.0246184	-0.0127665	0.616553	-0.0213882	-0.0113063
-0.0573671	-0.028311	0.352366	-0.0303596	-0.0431405	-0.0742714	-0.0651365	0.390999	-0.110658	-0.091147	-0.0558921	-0.0750776	-0.0264757	-0.0297691	0.477815	0.451278	-0.0927071	-0.0548903	-0.130921	-0.060185	0.0836035	0.349487	0.510356	-0.0463983	0.294009	0.412943	-0.0880172	0.509611	-0.0500441	-0.0288419	1	-0.232817	-0.105784	-0.0751599	-0.0496525	-0.0414654	-0.0571838	-0.0968192	0.455628	-0.074392	-0.0504068	-0.0454661	0.400956	-0.0518911	-0.044416	-0.0255847	0.548605	-0.0452708	0.256588	-0.0301539	-0.0467237	-0.0417312	-0.0430791	0.371356	-0.0462801	-0.114826	-0.0499113	-0.0402846	-0.0572634	-0.0325351	-0.0790127	-0.0475341	0.530868	0.0296214	-0.0534978	-0.0413306	0.0507034	0.35848	-0.0406078	0.0137812	-0.0974548	0.23054	-0.0334912	-0.0478704	-0.0558294	-0.0657398	0.406621	-0.0594142	-0.0247216	-0.0480543	-0.0748258	-0.00834558	-0.0416681	-0.0458843	-0.076497	-0.200852	0.410841	-0.0335427	-0.0853406	-0.0518903	-0.09155	-0.0356539	-0.0311631	-0.0550535	0.247431
-0.102793	-0.0518571	-0.532632	0.171569	0.236992	-0.122537	0.0279996	-0.0807609	-0.19902	0.124697	0.140782	-0.119959	-0.100373	-0.059902	-0.119254	-0.29349	0.0816876	0.163892	0.523472	-0.0888212	-0.231631	-0.540338	-0.26114	0.153263	-0.0654432	-0.464986	-0.144349	-0.280601	0.201372	0.151843	-0.232817	1	-0.184227	0.305935	-0.0989076	-0.0714041	-0.0752809	-0.153137	-0.52274	-0.134622	-0.0797211	-0.14414	-0.581246	-0.0870217	-0.0667282	-0.0666185	-0.406245	0.164472	-0.1828	-0.0597872	-0.100234	-0.107208	-0.01658	-0.489272	-0.0704925	-0.230007	-0.119992	-0.076248	0.0893986	0.147641	-0.126127	-0.0612366	-0.144604	-0.0258656	-0.10318	-0.105351	-0.00757648	-0.0693915	-0.00148263	0.0827893	-0.182616	-0.244482	0.052285	-0.0674686	-0.0591689	-0.0936137	-0.270651	0.291359	-0.142694	-0.0717337	-0.121752	-0.0582309	0.21716	-0.0933973	-0.148976	0.732886	-0.0922297	0.160226	-0.085298	-0.0699816	-0.137976	-0.0497725	0.0681809	0.164762	-0.0742798
-0.0486302	-0.022108	-0.219441	-0.0247937	-0.0361747	-0.0608797	-0.0561887	-0.0514948	-0.0340489	-0.0828628	-0.0493637	0.638444	-0.0572342	-0.0220713	-0.0522834	-0.15133	-0.0816553	-0.0128334	-0.0578657	-0.0561619	-0.115542	-0.223881	-0.135306	-0.0205502	-0.030886	-0.235741	-0.0710504	-0.146742	-0.0223813	-0.0229472	-0.105784	-0.184227	1	-0.0572066	-0.0614719	-0.0297455	-0.0388353	-0.0676823	-0.24118	0.728001	-0.0466519	-0.0662548	-0.26335	-0.0381034	-0.0354285	-0.0295266	-0.187503	-0.0355853	-0.0731235	-0.0212165	-0.0534082	-0.036418	0.286927	-0.229396	-0.0483221	-0.120443	-0.0511514	-0.0283959	0.013545	-0.0333045	-0.0720576	-0.0340926	-0.0750668	-0.03349	-0.0384312	-0.0565419	-0.00274428	-0.0484908	-0.0327621	-0.0254431	-0.0919167	-0.104727	-0.0415959	0.395172	-0.0247603	-0.0433422	-0.118423	-0.0620048	-0.0685829	-0.032121	-0.0555682	-0.0124395	-0.0257404	-0.0545113	-0.0778423	-0.0377118	-0.0420633	-0.0331848	0.651877	0.0682899	-0.0787329	-0.0176318	0.0970347	-0.0646379	0.0339533
-0.0339852	-0.0163948	-0.170893	-0.0274166	-0.0120669	-0.0356565	-0.0379188	-0.0263614	-0.0739351	0.640439	-0.0419193	-0.0419582	-0.0169746	-0.0133903	-0.0540895	-0.0934391	0.545782	-0.0254566	-0.0757635	-0.026023	-0.0654502	-0.170743	-0.0836407	-0.0201961	-0.0264363	-0.137176	-0.04426	-0.0893001	-0.0260025	-0.013649	-0.0751599	0.305935	-0.0572066	1	-0.0293019	-0.0293426	-0.0210603	-0.0454647	-0.151184	-0.0415757	-0.0171971	-0.0420107	-0.170029	-0.0310849	-0.0215617	-0.0108787	-0.119123	-0.00543726	-0.0575708	0.00728772	-0.0198401	-0.0332424	-0.0307673	-0.156151	-0.0248949	-0.0727944	-0.036312	-0.023925	0.411078	0.329831	-0.0523713	0.0257059	-0.0527713	-0.0235686	-0.0211103	-0.0348748	0.246751	-0.0270096	-0.0284744	-0.0216703	-0.0625816	-0.0800867	-0.0160287	-0.0170528	-0.0168803	-0.0275344	-0.0892755	-0.0516497	-0.022686	-0.0201026	-0.0297381	-0.00210708	-0.0282678	-0.0292488	-0.0470198	0.251664	-0.0357163	0.268797	-0.0539683	-0.0139153	-0.0149335	0.00529324	-0.0279724	-0.00790562	-0.0207308
-0.0298006	-0.0149918	-0.122426	-0.0258971	-0.0261062	-0.0210312	-0.02068	-0.0153267	-0.0568662	0.53104	-0.0262354	-0.0415355	-0.013189	-0.0251429	-0.0168041	-0.0775289	0.572191	-0.0158209	-0.0585866	-0.0238887	-0.0364625	-0.122517	-0.0673445	-0.0182048	-0.00685185	0.203189	-0.0409018	0.302885	-0.025078	-0.0055955	-0.0496525	-0.0989076	-0.0614719	-0.0293019	1	-0.0211445	-0.0273099	-0.0412019	0.19413	-0.043675	-0.0214571	-0.0415771	0.172499	-0.0157392	-0.0108532	-0.0283503	0.237579	-0.0221804	-0.0574137	-0.00732767	-0.0130008	-0.00895415	-0.0222728	0.167112	-0.00439405	-0.055078	-0.0337237	-0.0261376	-0.0291489	0.00482795	-0.036461	-0.0218713	-0.0456591	-0.0283291	-0.0299112	-0.0314416	-0.0197116	-0.0168777	-0.0191773	-0.00260793	-0.0510374	0.0331007	-0.0124577	-0.0210412	-0.0253984	-0.0295872	0.314035	-0.0451348	-0.0162599	-0.0175712	-0.0171225	-0.0270684	-0.0269038	0.911056	0.609186	-0.101891	-0.0324264	0.00663768	-0.052402	-0.0204206	-0.0389998	-0.0109895	-0.00590477	-0.0274013	-0.0169355
0.55754	-0.000993329	0.126656	-0.0123965	-0.00729323	-0.00274847	-0.0285178	-0.00585454	-0.0306309	-0.0357688	-0.0107287	-0.0173622	-0.00295339	-5.27609e-06	-0.0129664	0.192225	-0.0362706	-0.0138651	-0.0438797	-0.0191598	-0.0213613	0.126251	-0.0472178	-0.0215693	-0.00541545	0.140696	0.422045	-0.0577518	-0.0101785	-0.0117862	-0.0414654	-0.0714041	-0.0297455	-0.0293426	-0.0211445	1	-0.00462702	0.453731	-0.0867302	-0.0242146	-0.00861054	0.477934	0.11912	-0.0170038	-0.019176	0.00097837	0.162734	-0.00453733	0.318251	-0.0053761	-0.0134987	-0.0216565	0.0104911	0.107632	-0.00344399	-0.049005	-0.0241944	-0.0166567	-0.0193587	-0.020542	-0.0282786	-0.0239467	-0.0296942	0.0330019	0.0157787	-0.0198371	0.0934255	-0.00382032	0.00625657	-0.0134912	-0.0370879	0.0143663	-0.0166079	-0.00760453	0.648764	-0.00146591	-0.0450067	-0.0282789	-0.0293788	-0.00690504	-0.0158247	0.0033509	-0.0166242	-0.0214479	-0.0217568	-0.0610172	-0.0091284	-0.0224817	-0.0282394	-0.014709	-0.007826	-0.019075	-0.018298	-0.0170746	-0.0250569
-0.0121743	-0.0187844	-0.122825	-0.0111131	-0.0238161	-0.0212049	-0.0268643	-0.00463223	-0.0366489	-0.0366596	-0.0367959	-0.0257806	-0.0367168	-0.0179397	-0.033821	-0.0738918	-0.0455862	-0.00740895	-0.0582575	-0.0342695	-0.0590738	-0.12442	-0.07118	-0.0183831	-0.0164738	-0.116896	-0.0232307	-0.0804983	-0.0258006	-0.00961384	-0.0571838	-0.0752809	-0.0388353	-0.0210603	-0.0273099	-0.00462702	1	-0.0386954	-0.12606	-0.0132956	-0.0271119	-0.0322076	-0.141015	-0.0259108	-0.0205011	-0.0122204	-0.0978347	-0.0250915	-0.050727	-0.0119527	-0.0138516	-0.0258734	-0.0106918	-0.0962661	-0.0101705	-0.0164441	-0.0358463	-0.0051411	-0.0199532	-0.00249807	0.0138916	0.0437151	-0.0265659	-0.022846	-0.0260409	-0.0181747	-0.0398605	-0.0046599	-0.00765441	-0.0108577	0.0128459	-0.0589862	-0.0198859	-0.0267507	-0.0163925	0.46278	-0.0653844	-0.0362574	-0.0421765	-0.017559	0.490373	-0.0101782	-0.0125329	-0.0297764	-0.0420431	-0.0795486	-0.0369967	-0.000359946	-0.00561247	-0.0174643	-0.00320645	-0.023173	-0.0126789	-0.025807	-0.0261988
0.28576	-0.0178719	0.180953	-0.0314507	-0.0311263	-0.0384367	-0.0697949	-0.0313452	-0.0750204	-0.0448854	-0.0418666	-0.035812	-0.0296556	0.434996	-0.0382846	0.306085	-0.049912	-0.0307411	-0.10018	-0.0386462	-0.0414023	0.180813	0.192811	-0.0316309	-0.0281158	0.227034	0.714542	-0.113809	-0.037075	-0.0131185	-0.0968192	-0.153137	-0.0676823	-0.0454647	-0.0412019	0.453731	-0.0386954	1	-0.193957	-0.048845	-0.0303034	0.871248	0.263191	-0.04731	-0.0289724	0.480356	0.37297	-0.02388	0.614063	-0.0176776	-0.038825	-0.0555561	-0.0110822	0.181052	-0.0192872	-0.102193	-0.0441379	-0.0316479	-0.0336042	-0.0176478	-0.0619271	-0.034629	-0.0707973	0.189336	0.641802	0.155068	0.198816	-0.025727	0.280986	-0.0174288	-0.0740865	0.151014	-0.0201102	-0.0273398	0.435608	0.191624	-0.112259	-0.0541356	-0.0620084	0.255363	-0.0387351	0.363286	-0.0399125	-0.0433527	-0.0540588	-0.146049	-0.0327067	-0.0198608	-0.0574589	-0.0208222	-0.0423669	-0.0230773	-0.0143452	-0.0450087	-0.0392265
0.0422736	-0.00882307	0.647717	-0.0891515	-0.109181	-0.149105	-0.15436	0.165093	0.34705	0.0391755	-0.130524	-0.165288	0.203569	-0.0810907	0.222314	0.381135	0.0760052	-0.0987723	-0.310362	0.200618	0.193515	0.660715	0.390473	-0.0931426	0.132506	0.542585	-0.0636864	0.564777	-0.104454	-0.0764484	0.455628	-0.52274	-0.24118	-0.151184	0.19413	-0.0867302	-0.12606	-0.193957	1	-0.17931	0.170985	-0.155008	0.876245	0.181725	-0.0874746	-0.0874627	0.529181	-0.0587395	0.0258358	0.109888	0.197894	-0.126326	-0.0893369	0.762688	-0.0916295	0.462778	0.226607	0.146163	-0.0764536	-0.0772833	0.253384	-0.0978204	0.305138	-0.0528333	-0.123009	0.0841676	-0.0599638	0.152126	-0.0732894	-0.0372853	0.343951	0.43196	0.0259203	-0.0998095	-0.093566	-0.138911	0.523162	-0.156792	0.286744	-0.0958848	-0.137286	-0.0560145	-0.109345	0.179645	0.272307	-0.419854	0.186176	-0.0816073	-0.180976	-0.0323193	-0.193747	-0.0224043	-0.064414	-0.0392382	0.110537
-0.0419326	-0.010341	-0.145065	-0.0192459	-0.0226037	-0.0472716	-0.0392258	-0.0296568	0.00394699	-0.0615798	-0.0338136	0.698632	-0.0427663	-0.0158416	-0.0332496	-0.109067	-0.0608411	-0.00928589	-0.0801167	-0.0418295	-0.088406	-0.146796	-0.095322	-0.0253097	-0.00717843	-0.17349	-0.0533792	-0.105038	-0.0186503	-0.0142321	-0.074392	-0.134622	0.728001	-0.0415757	-0.043675	-0.0242146	-0.0132956	-0.048845	-0.17931	1	-0.0373174	-0.0468763	-0.197961	-0.0228279	-0.0301785	-0.0204638	-0.142714	-0.0251811	-0.0500482	-0.0171452	-0.0393747	-0.026914	0.354431	-0.161177	-0.0297584	-0.0872735	-0.0314977	-0.0277721	-0.0368713	-0.0313405	-0.0539601	-0.0262817	-0.0547635	-0.0123259	-0.0200288	-0.0387205	-0.0312758	-0.025693	-0.0245653	-0.0195041	-0.0643533	-0.0698318	-0.0344289	-0.0312389	-0.0182273	-0.0242176	-0.0769116	-0.04575	-0.0497101	-0.0204899	-0.0339809	0.0121913	-0.017645	-0.0323894	-0.0514376	-0.115841	-0.0365064	-0.0264009	0.684544	-0.0246122	-0.0609659	-0.00837329	-0.0117596	-0.0521691	0.0530899
