1	-0.080077	0.320517	-0.0422951	-0.0335699	0.555307	-0.0274337	0.263173	-0.0143326	-0.0277211	0.57235	-0.0511282	-0.0342751	-0.0255871	-0.0569816	-0.06695	0.192721	-0.0311638	-0.0184381	-0.049486	-0.0266904	-0.0406514	0.585418	-0.0375088	-0.0496751	-0.0167656	-0.0565313	-0.0396521	-0.0250864	-0.0305383	-0.105887	-0.0189012	0.568405	0.0194978	0.280156	-0.0633478	0.669915	0.422005	-0.0502208	-0.0353691	-0.0316078	0.209467	-0.0216764	-0.0183686	0.220299	-0.0168484	-0.0818139	0.162635	0.193145	-0.0939802	-0.140376	-0.0285409	-0.0423269	-0.0285913	-0.0510943	-0.036878	0.205051	-0.0769633	-0.0373226	-0.0384909	-0.00938512	-0.0985892	-0.0130443	0.614626	0.144888	-0.0275705	-0.0131693	-0.000137789	-0.0431919	-0.0234762	-0.0663456	0.352891	-0.0209747	-0.0773618	-0.0428096	-0.0650889	-0.0561041	-0.0371674	0.0977543	-0.0300306	0.218079	0.250396	-0.0463121	-0.0264281	-0.000107821	0.176114	-0.0198264	-0.0819942	-0.00950326	-0.0148188	0.392573	-0.0490525	-0.0129515	0.00931392	-0.0123268	-0.0198485	-0.0194402	0.18322	-0.0150501	-0.0134833	0.135681	0.124585	-0.0337846	-0.0222248	-0.0304043	-0.023293	-0.10389	0.0352569	-0.0293968	0.190749	-0.0353753	-0.015503	-0.00587606	0.0229317	-0.0376794	-0.0772987	-0.0250757	-0.036338	-0.0332068	-0.0215199	-0.0111255	-0.0181646	-0.0156296	-0.027553	0.0704385	0.0376878	0.0107239	0.153461
-0.080077	1	0.693583	-0.082015	-0.0394596	-0.0568327	-0.0505381	0.544086	0.246321	-0.0779858	-0.150333	-0.0721039	-0.0879386	-0.0690979	-0.127218	-0.138793	0.615357	-0.0618852	-0.0437382	-0.128474	-0.0512225	-0.0928876	-0.0426015	-0.0483303	-0.141124	-0.0582001	0.669892	0.468303	0.320449	-0.0585271	0.768396	-0.072215	-0.0733807	-0.112831	0.604592	-0.0998128	-0.0540606	-0.190891	-0.0975879	-0.0795265	-0.0677523	0.47664	-0.0614189	-0.0385575	0.487474	-0.123496	0.75096	0.390481	-0.151512	0.55109	-0.27636	-0.0547191	-0.129298	0.0923988	0.013637	0.202121	0.310034	0.343281	-0.165994	-0.0453436	-0.0328509	-0.207786	-0.0623114	-0.0357752	-0.0318602	-0.0701182	-0.0378975	-0.0916592	0.197843	-0.0611893	-0.036781	-0.0144239	-0.116182	0.305945	0.198123	0.380252	0.521485	-0.0773791	0.256708	-0.0559431	-0.134738	-0.0547669	-0.0829028	0.0227702	0.0644844	-0.0964243	-0.0781764	-0.203253	-0.0439632	-0.0351624	-0.0328374	-0.0934817	-0.0533142	-0.0339818	-0.0654955	0.0305047	-0.0455348	-0.0173633	0.280231	-0.042009	-0.0581578	-0.0640887	-0.127544	0.017895	-0.0843576	-0.0694134	-0.204892	-0.0305561	-0.0869174	-0.00142886	-0.0634774	-0.02721	-0.0371248	-0.159214	-0.059055	-0.102816	-0.0465709	-0.0471194	-0.0726088	-0.0274044	-0.0345919	-0.0575831	-0.0352324	-0.0356776	-0.0859093	0.280746	0.20791	-0.0326076
0.320517	0.693583	1	-0.123371	0.189523	0.166264	-0.0710826	0.791245	0.175386	-0.106344	0.556977	-0.105632	-0.119578	-0.0959107	-0.179843	-0.209785	0.744168	-0.0907632	-0.0669213	-0.178657	-0.0705083	-0.130949	0.2	-0.0772278	-0.191872	-0.0763199	0.468552	0.319368	0.219072	-0.0821786	0.543895	-0.0965347	0.303175	-0.132087	0.806595	-0.152395	0.212631	0.350658	-0.137702	0.282893	-0.0926213	0.701376	-0.0866202	-0.0584086	0.712944	-0.161015	0.487606	0.564605	0.296089	0.289628	-0.434645	0.173615	-0.184011	0.0299976	-0.0588632	0.321813	0.440525	0.144806	-0.206367	-0.0883301	-0.043819	-0.310057	-0.0729622	0.21796	0.00381645	-0.0828212	-0.0467096	-0.0771565	0.0864538	0.195928	-0.0208334	0.125747	-0.153191	0.10859	0.0873689	0.182829	0.32278	-0.0867763	0.36548	-0.0763057	0.0986105	0.408097	-0.127372	0.20361	0.0332624	0.273116	-0.10677	-0.290041	-0.0556008	-0.0484772	0.133305	-0.13235	-0.0627525	-0.0477695	-0.0212416	0.138857	-0.0617925	0.310966	0.202962	-0.0489721	0.194154	0.167967	-0.15972	0.0747782	-0.108258	-0.0862315	-0.276914	-0.0328913	-0.112795	0.129216	-0.0810671	-0.043724	0.19489	-0.0314941	-0.0914384	-0.154379	-0.0647072	-0.0886813	-0.0984603	-0.0287834	-0.0450966	-0.089229	-0.0634301	-0.0658143	0.105273	0.186766	0.16269	0.0252968
-0.0422951	-0.082015	-0.123371	1	-0.010866	-0.0330545	-0.0120572	-0.154383	-0.0225847	-0.0449789	-0.0768297	-0.0157107	-0.0383475	-0.0319547	-0.0450974	-0.0597012	-0.0760177	-0.022598	-0.0208907	-0.0568603	-0.0111958	-0.0406031	-0.024937	-0.027361	-0.0643072	-0.0306389	-0.054265	-0.0395786	-0.0229319	-0.0265118	-0.0969549	-0.0220273	-0.0322482	-0.0442698	-0.133664	-0.040396	-0.0271902	-0.088523	-0.0407507	-0.0337679	-0.0336858	-0.154231	-0.0174954	-0.0235538	-0.143725	-0.0516417	-0.0880167	-0.165286	-0.0761576	-0.119679	0.208917	-0.0329273	-0.0538228	-0.045473	0.751145	-0.142267	-0.0818589	-0.122384	-0.0764059	-0.0249144	-0.0164272	0.198623	-0.0297324	-0.0370546	-0.0208715	-0.0336446	-0.0137592	-0.0656946	-0.0721406	-0.0288341	-0.0453721	-0.0174076	-0.0584348	-0.133236	-0.0728248	-0.114592	-0.0842165	-0.0212476	-0.163077	-0.0358047	-0.0566289	-0.0676463	-0.048661	-0.0348421	-0.0282918	-0.0694432	-0.029571	0.181882	-0.00873383	-0.022451	-0.0264719	-0.0581859	-0.0239814	-0.0206816	-0.0479682	-0.029473	-0.0107695	-0.0734853	-0.10608	-0.012293	-0.0851317	-0.0778323	-0.0457781	-0.0254988	-0.0231422	-0.00875714	0.0696386	-0.0315775	-0.0394166	0.119819	-0.0319242	-0.0204744	-0.0356486	-0.0803652	-0.0524699	0.123536	-0.0275881	-0.0373454	-0.0117499	-0.0140617	-0.00462317	-0.0225198	-0.0100759	-0.0293417	-0.0440913	-0.0286001	-0.0531219	-0.0261942
-0.0335699	-0.0394596	0.189523	-0.010866	1	-0.0242152	-0.00838232	0.147574	-0.011438	-0.018562	-0.0541012	-0.0193256	-0.0293316	-0.0207109	-0.0390173	-0.0413702	-0.0432192	-0.0186712	-0.0182327	-0.042199	-0.00785881	-0.0289241	-0.0238511	-0.00557736	-0.0331822	-0.0149779	-0.0227929	-0.0262774	-0.011996	-0.0127825	0.215319	-0.00909736	0.603134	-0.0392232	-0.0819964	-0.0375015	-0.0203749	-0.0667431	-0.0297604	-0.0225889	-0.0170487	0.139016	-0.00449055	-0.0192299	0.152276	-0.0369548	-0.0438645	0.12518	-0.0483878	-0.0699289	-0.0978576	-0.00745199	-0.041421	-0.0281272	-0.0161653	0.108456	-0.0625755	-0.073672	-0.0512359	-0.0152446	0.00590094	0.108823	-0.0181604	-0.0170164	-0.0201601	-0.018941	0.00451823	0.2217	-0.0328667	-0.0145267	0.320132	6.58881e-05	-0.0422841	-0.078796	-0.0326543	-0.06581	-0.0416401	-0.0171561	-0.0958713	-0.0188815	-0.0366474	-0.0392605	-0.0286002	-0.030029	-0.022328	-0.0337998	-0.0200002	0.103366	-0.00293977	-0.00745469	-0.0191374	-0.0363672	-0.012732	-0.0204983	0.26036	-0.0241053	-0.00277977	-0.0376856	0.123354	0.00826439	-0.0382648	-0.0559475	-0.0296932	-0.0156204	-0.017377	-0.0125529	-0.0610971	-0.0102536	-0.0277405	-0.0343298	-0.0175303	-0.010412	-0.014541	0.106765	-0.0163057	-0.0433852	-0.012565	-0.0243947	-0.0122459	-0.00748269	-0.0160921	-0.0145972	-0.00507346	-0.00979165	0.14919	-0.0688078	-0.0444737	-0.00813218
0.555307	-0.0568327	0.166264	-0.0330545	-0.0242152	1	-0.01632	0.131308	-0.00326531	-0.020421	0.318119	-0.0285087	-0.0308768	-0.022785	-0.0440479	-0.0573839	0.0903258	-0.0244734	-0.0253829	-0.0335961	-0.021513	-0.036588	0.703485	-0.029195	-0.0371936	-0.0121597	-0.0324189	-0.0348108	-0.0197751	-0.0135816	-0.0767523	-0.0189051	0.0545601	0.0269268	0.141685	-0.0506839	-0.0254296	0.237137	-0.0427075	-0.026827	-0.0245242	0.145531	-0.0188481	-0.0116163	0.112656	0.00957641	-0.0495553	0.0767688	-0.041896	-0.0489822	-0.0435949	-0.0240143	-0.0498531	-0.0220009	0.0928274	-0.0192283	0.0438949	0.014211	0.0600746	-0.0381136	-0.016008	-0.108441	-0.0204814	0.366629	-0.0174403	-0.0176228	-0.000780959	-0.0549854	-0.0400173	-0.0299447	-0.0482567	-0.0203506	0.0902426	0.013515	-0.0397279	0.0226757	-0.0380194	-0.0332217	0.115912	-0.0230022	0.13876	0.163475	0.079988	-0.0143515	-0.0200735	0.109782	-0.0211877	-0.0897931	-0.0193508	-0.0163084	0.498067	-0.0258076	-0.00887261	0.0139258	-0.0535756	-0.0188363	-0.0254631	0.123229	-0.0626142	-0.00886592	0.0904521	0.0890023	-0.0267319	-0.012628	-0.0328516	-0.0176255	-0.0737364	0.0604066	-0.0214307	0.150874	-0.0156854	-0.0181779	-0.0272765	0.0569717	-0.0370664	-0.0413967	-0.0259718	-0.0302758	-0.027059	-0.0159091	-0.00917533	-0.0168827	-0.0137533	-0.0310686	0.101931	-0.033987	-0.0308902	-0.0109074
-0.0274337	-0.0505381	-0.0710826	-0.0120572	-0.00838232	-0.01632	1	-0.0847515	-0.00774085	-0.0243521	-0.0411397	-0.0147523	-0.00924743	-0.00700857	0.424053	-0.0450598	-0.0271279	-0.013236	-0.0155807	-0.0437198	0.990549	-0.0339257	-0.0132365	-0.0131564	-0.0317654	-0.00520513	-0.0357024	-0.029539	-0.0191368	-0.00709237	0.224661	-0.018282	-0.0226539	0.455912	0.177735	-0.0330471	-0.0178059	0.275576	-0.0381615	-0.00287326	-0.0145773	-0.100746	-0.0283684	-0.0153426	0.0833552	0.24646	-0.0589535	0.0614057	-0.0424897	0.0992799	-0.0332424	-0.00800811	-0.0401593	-0.012281	-0.0174809	-0.0883752	-0.0484784	0.0779497	0.138696	-0.0110256	-0.0245692	-0.0241113	-0.0298937	-0.0232779	0.192272	0.0744595	-0.0110756	0.0439952	-0.0255647	0.00659827	-0.0269997	-0.021052	0.0425875	0.0648571	-0.025334	-0.0120003	-0.0470102	-0.033814	0.0458688	-0.0160849	0.120632	-0.0314659	-0.0217473	-0.0233269	-0.017274	-0.0210719	-0.0252945	-0.0467936	-0.0245523	-0.0162361	-0.00235962	-0.0359912	-0.00811275	0.414854	0.0290822	-0.0186615	-0.00771246	-0.0277766	-0.00472432	-0.00390754	-0.000746286	-0.030257	0.125597	-0.0165228	-0.028864	-0.0104029	0.0363884	-0.014275	0.185831	-0.0223946	-0.0288464	-0.019656	-0.00207983	0.0450506	-0.0347439	-0.0357715	-0.0279834	-0.0121169	0.195901	0.0418278	-0.0115517	0.0417766	-0.0159427	0.118107	-0.0385218	-0.0101943	0.0282658	-0.0127356
0.263173	0.544086	0.791245	-0.154383	0.147574	0.131308	-0.0847515	1	0.138686	-0.136055	0.44827	-0.13565	-0.149055	-0.112651	-0.222548	-0.272812	0.516106	-0.119207	-0.0904997	-0.233247	-0.0851425	-0.172872	0.169054	-0.0968097	0.420165	-0.0904871	0.37205	0.252613	0.172096	-0.103995	0.38583	0.220144	0.24577	-0.17091	0.600626	-0.199061	0.173181	0.243309	-0.184488	0.225239	-0.114407	0.480465	-0.0982765	-0.0804254	0.503928	-0.201448	0.480529	0.467832	0.215583	0.253908	-0.545324	0.142473	-0.233793	0.226236	-0.101232	0.233563	0.400229	0.114103	-0.258425	-0.120042	-0.0521895	-0.358428	-0.106144	0.17516	-0.0173991	-0.0831527	-0.0573311	-0.148231	0.189592	0.15542	-0.0807926	0.0962839	-0.206316	0.0859835	0.188707	0.148647	0.324426	-0.105956	0.273255	-0.102068	0.0473543	0.326879	-0.160623	0.165109	-0.0117934	0.197052	0.21976	-0.348482	-0.0687781	-0.0608329	0.119276	-0.146584	0.0795235	-0.0373878	-0.0843157	0.115156	0.107458	0.242054	0.154725	-0.0471063	0.33601	0.129935	0.0127658	0.0787583	-0.123495	-0.0942377	-0.175602	-0.0580558	0.120352	0.14466	-0.109627	-0.0610858	0.15538	0.0397161	-0.119157	-0.156314	-0.0775568	-0.114001	-0.0923367	-0.036164	-0.0560887	0.121889	-0.0820043	-0.0872083	0.0857676	0.115579	0.140394	0.0855126
-0.0143326	0.246321	0.175386	-0.0225847	-0.011438	-0.00326531	-0.00774085	0.138686	1	-0.0170625	-0.0293545	-0.0225258	-0.0151563	-0.0188895	-0.0256165	-0.0345536	0.122749	-0.00348847	-0.00630043	-0.0336984	-0.0115533	-0.0233209	-0.0123124	-0.0230463	-0.0353046	-0.0145034	-0.0312591	-0.0193898	-0.0138237	-0.0110876	0.181586	-0.0140972	-0.0177172	-0.0249129	0.147648	-0.0190053	-0.0088885	-0.0421045	-0.0225236	-0.0196887	-0.0190213	-0.0061229	-0.020709	0.00310035	-0.0707861	-0.025089	0.193938	0.105952	-0.0380029	0.144384	-0.0750515	-0.0112336	-0.0254892	0.513093	-0.032465	0.123016	-0.00237735	-0.0094389	-0.0455061	-0.0146407	-0.00262874	0.0470305	-0.0216656	-0.0168431	-0.00174333	-0.0141259	-0.00750077	0.126842	0.0741552	-0.0126287	0.191527	-0.0177784	-0.0316919	-0.0142092	0.0745413	0.000668809	0.0259435	-0.0219078	-0.0338003	-0.00697273	-0.0378986	-0.0266074	-0.0109188	-0.0131891	-0.0165993	-0.0375123	-0.0137153	0.0311594	-0.0122803	-0.00318933	-0.00174182	-0.0293736	-0.0315207	-0.00385083	0.131784	-0.0128434	-0.0123199	-0.0259527	0.114709	-0.0064816	-0.0350486	-0.0367315	-0.0297674	-0.0148473	-0.0200816	-0.0135997	-0.064696	-0.0217335	-0.015372	-0.0234644	-0.0380661	0.0131801	-0.00490059	0.054317	0.00194931	-0.0563872	-0.012981	-0.0072542	-0.0149705	-0.00941185	-0.0135392	-0.0128044	0.000197472	-0.0183612	0.0131203	0.0564069	0.118389	-0.0176935
-0.0277211	-0.0779858	-0.106344	-0.0449789	-0.018562	-0.020421	-0.0243521	-0.136055	-0.0170625	1	-0.0550269	-0.0215361	-0.0371626	-0.0284547	-0.058898	0.491439	-0.0439956	-0.0347729	-0.0306878	-0.0444575	-0.0236338	-0.0252701	-0.0226376	-0.0209137	-0.0620654	-0.0284157	-0.0496238	-0.0457399	-0.0317562	-0.0267386	-0.100206	-0.0331062	-0.026504	-0.0482401	-0.121421	-0.0367023	-0.016709	-0.075347	-0.0505696	-0.0221344	-0.0199802	-0.140138	-0.0348427	-0.0208559	-0.13107	-0.0409311	-0.0750789	-0.146564	-0.0687303	-0.10423	0.194105	-0.0228411	-0.0599368	-0.02341	-0.0483653	-0.129212	-0.0797274	-0.130389	-0.0797771	-0.0271434	-0.0275856	0.186562	-0.0193126	-0.0307831	-0.00347434	-0.0471027	0.496053	-0.0619633	-0.0589807	-0.0191177	-0.0482259	-0.0157705	-0.0484247	-0.135257	-0.0586545	-0.104582	-0.0831932	-0.0514934	-0.157152	0.699778	-0.066451	-0.0557858	-0.033607	-0.0283162	-0.0135102	-0.0219045	-0.0315583	0.11685	-0.0196488	-0.0169415	-0.0209795	0.484863	-0.0238461	-0.0209497	-0.049855	-0.0218817	-0.00873369	0.00887785	-0.103083	0.165731	-0.0640736	-0.0640945	-0.0595589	-0.030979	-0.0344164	-0.0347404	0.137155	-0.0315454	-0.0447253	-0.0474939	0.120979	-0.00679764	-0.020709	0.0650913	0.333027	0.0109148	-0.00900789	-0.0275967	-0.0448454	-0.0390047	0.253233	-0.024724	-0.0277766	0.0299057	-0.0762377	-0.0800712	-0.0312716	-0.0101596
0.57235	-0.150333	0.556977	-0.0768297	-0.0541012	0.318119	-0.0411397	0.44827	-0.0293545	-0.0550269	1	-0.0612339	-0.0577647	-0.0486157	-0.0953897	-0.122541	0.457981	-0.052002	-0.0372754	-0.0920603	-0.0397486	-0.0701699	0.350461	-0.0525823	-0.0969747	-0.0355278	-0.0962947	-0.0754226	-0.0496307	-0.0440672	-0.192149	-0.050396	0.300666	-0.0428249	0.485669	-0.0881105	0.379485	0.753747	-0.0721595	0.518775	-0.0511742	0.392019	-0.0512431	-0.0324583	0.403243	-0.0742384	-0.157601	0.310721	0.621633	-0.200645	-0.265061	0.318605	-0.0980386	-0.0542839	-0.0935316	0.184321	0.303773	-0.166122	-0.0871185	-0.0689331	-0.025498	-0.242481	-0.027261	0.365794	0.0501158	-0.0354207	-0.0254809	-0.0872716	-0.0940109	0.361562	-0.107377	0.199963	-0.0717818	-0.173369	-0.0931131	-0.155323	-0.122754	-0.0259698	0.260044	-0.03746	0.317552	0.66912	-0.0759121	0.27626	-0.0182517	0.517425	-0.0534177	-0.217845	-0.0276951	-0.0259748	0.242301	-0.066648	-0.0232645	-0.020459	-0.0510871	0.173264	-0.0351357	0.480554	-0.0813816	-0.0309513	0.363561	0.340505	-0.0693594	0.092709	-0.0509618	-0.0374608	-0.136179	-0.00594883	-0.0497131	0.202706	-0.0358499	-0.0278293	0.330972	0.100099	-0.057858	-0.0847928	-0.0367027	-0.0634025	-0.0512541	-0.00441973	-0.0181385	-0.0548504	-0.0471886	-0.0494943	0.195885	-0.0323571	0.0115487	0.076728
-0.0511282	-0.0721039	-0.105632	-0.0157107	-0.0193256	-0.0285087	-0.0147523	-0.13565	-0.0225258	-0.0215361	-0.0612339	1	-0.0453193	-0.0379043	-0.0565804	-0.0592264	-0.0618242	-0.0180747	-0.0239857	-0.050647	-0.0140975	-0.0395955	-0.0287266	-0.0203997	-0.0588782	-0.0290142	-0.0468387	-0.0360404	-0.0194083	-0.0115284	-0.102597	-0.0362544	-0.041415	-0.0562672	-0.125517	-0.0469902	-0.0315911	-0.0781534	-0.0523898	-0.0231846	-0.0176224	-0.0832749	-0.023151	-0.0181006	-0.114986	-0.050382	-0.0570776	-0.127517	-0.0607909	-0.0879755	0.165197	-0.00260594	0.0075834	-0.0296617	-0.0275685	0.127662	0.062679	-0.0924143	-0.0480131	-0.0240036	-0.0132736	0.148749	-0.0319074	-0.0302333	-0.016885	-0.0287316	-0.0150711	0.296628	-0.0515722	-0.014206	-0.047735	-0.020507	-0.0320764	-0.100631	-0.0512791	-0.0858033	-0.070333	-0.0281903	-0.123019	-0.0144022	-0.0213015	-0.0420946	-0.015471	-0.0266761	-0.0270101	-0.0538287	-0.0362226	0.135874	-0.0134809	-0.0105153	-0.024224	-0.0423898	-0.0246413	-0.00588518	0.262571	-0.0191706	-0.022333	-0.00752217	0.121757	-0.010224	-0.0377634	-0.0347747	-0.0448768	-0.00757909	-0.0280911	-0.0160563	-0.107239	-0.0218869	-0.0317528	-0.0214674	-0.0267696	-0.00879016	-0.0152454	0.108735	-0.0383174	-0.0687501	-0.0224052	-0.0255273	-0.00919948	-0.0230093	-0.0122929	-0.0274077	-0.0220592	-0.0220431	0.16076	-0.0418514	-0.0437353	-0.0174878
-0.0342751	-0.0879386	-0.119578	-0.0383475	-0.0293316	-0.0308768	-0.00924743	-0.149055	-0.0151563	-0.0371626	-0.0577647	-0.0453193	1	0.796798	0.687746	-0.0673477	-0.0683472	-0.0334628	-0.016602	-0.067076	-0.00829881	-0.051897	-0.0241431	-0.0272392	-0.059741	0.654528	-0.0629435	-0.0377257	-0.0238536	-0.0369878	0.353737	-0.0314453	-0.0386443	0.686101	0.291703	-0.0359051	-0.02736	0.34856	-0.0497278	-0.026844	-0.0226523	0.083302	-0.0162542	0.368888	0.224448	0.514518	-0.0653019	0.112368	0.0118802	0.220259	-0.148923	0.00411852	-0.0564808	-0.0386229	-0.0390738	-0.0205835	-0.0750847	0.181934	0.261728	-0.0262597	-0.0045692	-0.142397	-0.014865	-0.0095198	-0.00441922	-0.0201165	-0.0197299	-0.0661023	-0.0549001	-0.0108256	-0.0563526	-0.00400499	0.360122	0.170183	-0.0545373	0.201789	-0.0391716	-0.0418659	0.142778	-0.0285638	-0.0414199	-0.0304752	0.444898	-0.0135736	-0.0230323	-0.0577184	-0.0311974	-0.138055	-0.0125518	-0.0281105	-0.00537771	-0.0532477	-0.0226954	0.0348121	-0.0522852	-0.018819	-0.0147933	-0.040219	-0.03397	-0.0282136	-0.0344283	0.0791094	-0.0146026	-0.0183361	-0.0350541	-0.0241521	0.0209897	-0.0285391	0.00855996	-0.032246	0.0161342	-0.0212719	-0.00523338	-0.0512265	-0.0405253	0.0479733	-0.0218975	0.181619	-0.0110568	-0.0262469	-0.00242676	-0.0307979	-0.0162812	0.180035	-0.0305248	0.00410928	0.0409855	-0.0136583
-0.0255871	-0.0690979	-0.0959107	-0.0319547	-0.0207109	-0.022785	-0.00700857	-0.112651	-0.0188895	-0.0284547	-0.0486157	-0.0379043	0.796798	1	0.53699	-0.0540305	-0.0484946	-0.0306465	-0.0190707	-0.0540791	-0.00627371	-0.0434206	-0.0162132	-0.017974	-0.0368561	0.828301	-0.0505631	-0.02473	-0.0164524	-0.0249762	0.276373	-0.0182591	-0.0276758	0.594951	0.225286	-0.0273693	-0.0247572	0.3534	-0.0458518	-0.0220731	-0.0212276	0.010489	-0.0127331	-0.017609	0.201369	0.528295	-0.0365699	0.168805	-0.0486588	0.221178	-0.134652	0.00634468	-0.0433763	-0.0248716	-0.027828	-0.0239874	-0.0727897	0.18308	0.295497	-0.0172108	0.00425095	-0.133553	-0.0154433	-0.0135493	-0.0249898	-0.0319186	-0.0155054	-0.0601901	-0.0411967	-0.00065059	-0.0452554	-0.0165561	0.409934	0.171002	-0.0409122	0.207398	-0.0706331	-0.0269477	0.148757	-0.0172423	-0.0430042	-0.0268811	0.520963	-0.0156476	-0.025788	-0.0446824	-0.0245029	-0.127573	-0.00899414	-0.0253078	-0.00413868	-0.0436275	-0.0205667	-0.0197329	-0.0452863	-0.0225717	-0.0154211	-0.0294791	-0.0145523	-0.0228936	-0.0330316	0.0609998	-0.0423678	-0.019424	-0.0300165	-0.0166712	0.023399	-0.0205751	-0.0284619	-0.0245827	0.0332212	-0.0176198	0.000573184	-0.0607022	-0.0340354	0.0700831	-0.0227876	0.242521	-0.0113565	-0.017979	0.00274469	-0.024932	-0.0146373	0.213252	-0.023648	-0.00747764	0.0645378	-0.0065439
-0.0569816	-0.127218	-0.179843	-0.0450974	-0.0390173	-0.0440479	0.424053	-0.222548	-0.0256165	-0.058898	-0.0953897	-0.0565804	0.687746	0.53699	1	-0.101444	-0.096576	-0.0478013	-0.0304053	0.0661299	0.420326	-0.0792842	-0.0314852	-0.0304869	-0.089152	0.441039	-0.0941398	-0.0545147	-0.0402704	-0.0386633	0.414931	-0.0398625	-0.0634701	0.858626	0.324901	-0.0595775	-0.0484182	0.463113	-0.0731656	-0.0387133	-0.0338435	0.0389665	-0.0387695	0.241788	0.214451	0.597692	-0.114452	0.10855	-0.0510622	0.230148	-0.196368	-0.016618	-0.0896518	-0.0545442	-0.0539196	-0.13223	-0.120059	0.271201	0.421215	-0.0465675	-0.0324975	-0.188398	-0.033316	-0.0342727	0.0695111	0.184531	-0.0277191	-0.0714474	-0.0742532	-0.0230093	-0.0763043	-0.027431	0.347733	0.251426	-0.0733894	0.15196	-0.0881754	0.165762	0.204318	-0.041805	0.126272	-0.0600509	0.291244	-0.0215147	-0.0370741	0.0460447	-0.0461579	-0.191992	-0.0275501	-0.0432311	-0.0152675	-0.0727317	-0.0342036	0.213816	-0.056687	-0.016493	-0.0136766	-0.0615697	-0.0524841	-0.0169935	-0.0536652	0.12611	0.154914	-0.0218953	0.152443	0.269685	0.0774869	-0.0211009	0.0728341	-0.049865	-0.00079573	-0.0266804	-0.0234504	0.0155876	-0.0567661	-0.00593307	-0.0308225	0.104801	0.296887	-0.0105835	0.0118538	-0.0157459	-0.0387826	0.170545	-0.0787441	-0.0120987	0.0179334	-0.0287374
-0.06695	-0.138793	-0.209785	-0.0597012	-0.0413702	-0.0573839	-0.0450598	-0.272812	-0.0345536	0.491439	-0.122541	-0.0592264	-0.0673477	-0.0540305	-0.101444	1	-0.111683	-0.0631369	0.363069	-0.0993631	-0.0436642	-0.0705159	-0.0546978	-0.0500373	-0.125738	-0.0404682	-0.0978407	-0.0671962	-0.0428491	-0.0671781	-0.182802	-0.0639725	-0.0570423	-0.0855934	-0.231696	-0.0877069	-0.0365769	-0.156621	0.751948	-0.0591731	-0.0427719	-0.283945	-0.0475854	-0.0339702	-0.252086	-0.0884507	-0.151144	-0.293818	-0.130577	-0.210214	0.383098	-0.0426167	-0.12961	-0.0622443	-0.0611176	-0.197836	-0.148219	-0.230498	-0.146207	0.391632	-0.0497457	0.335744	-0.0466461	-0.0574975	-0.0477536	-0.0738158	0.247581	-0.151973	-0.102701	-0.0391981	-0.100466	-0.0337525	-0.104939	-0.24514	-0.101942	-0.200772	-0.149465	-0.0684161	-0.282387	0.324294	-0.122184	-0.0880126	-0.0721895	-0.0151288	-0.0350709	-0.0911878	-0.0612319	0.27592	-0.0340795	-0.0315643	-0.0422927	0.286076	-0.0539517	-0.0209091	-0.120363	-0.00516642	-0.0183893	-0.0640324	-0.209083	0.0642767	-0.112587	-0.0655945	-0.0282922	-0.0234065	0.0444901	-0.054119	0.0202349	0.251281	-0.0700934	-0.0686391	0.125396	0.0120022	-0.0511974	-0.0683194	0.24654	-0.0555007	0.111757	-0.0320889	-0.0626064	-0.0375122	0.129705	-0.0460021	-0.0672848	-0.0327838	-0.152782	0.124101	-0.0941707	-0.0243062
0.192721	0.615357	0.744168	-0.0760177	-0.0432192	0.0903258	-0.0271279	0.516106	0.122749	-0.0439956	0.457981	-0.0618242	-0.0683472	-0.0484946	-0.096576	-0.111683	1	-0.0385293	-0.0356875	-0.098562	-0.0259249	-0.0722666	0.147355	-0.0460436	-0.10567	-0.0378057	0.385395	0.341366	0.248133	-0.0461092	0.368676	-0.0635898	0.0415537	-0.0800603	0.595734	-0.0768108	0.141281	0.236802	-0.0728619	0.226644	-0.0425154	0.442512	-0.0590065	-0.0415029	0.473092	-0.103186	0.398883	0.358082	0.213515	0.227208	-0.262132	0.0935017	-0.102457	0.00245439	-0.0541332	0.222907	0.325936	0.110677	-0.138362	-0.0430803	-0.032292	-0.220796	-0.0415454	0.155267	0.00834221	-0.0620751	-0.02354	-0.0928161	0.0873954	0.148954	-0.0605744	0.107228	-0.100184	0.0867705	0.0875353	0.142746	0.256923	-0.0645965	0.261086	-0.0363498	0.030757	0.351927	-0.0819357	0.226819	0.0452622	0.200569	-0.0625663	-0.206854	-0.0430891	-0.0406823	0.0944851	-0.0760458	-0.0241303	-0.0213952	-0.0687372	0.161668	-0.037483	0.241285	0.113736	-0.0434846	0.136654	0.102093	-0.104239	0.0834269	-0.0771909	-0.0602419	-0.185503	-0.0176256	-0.0647668	0.108488	-0.061035	-0.00254772	0.126931	-0.0367798	-0.0511984	-0.100875	-0.0427447	-0.06773	-0.0696471	-0.0160314	-0.0217409	-0.0496621	-0.0227307	-0.0509645	0.05497	0.139294	0.129067	0.000588215
-0.0311638	-0.0618852	-0.0907632	-0.022598	-0.0186712	-0.0244734	-0.013236	-0.119207	-0.00348847	-0.0347729	-0.052002	-0.0180747	-0.0334628	-0.0306465	-0.0478013	-0.0631369	-0.0385293	1	-0.0312262	-0.0472779	-0.0127396	-0.0299563	-0.0139622	0.00370636	-0.0549329	-0.0255765	-0.0454886	-0.0245923	-0.00838655	-0.0226263	-0.0791567	-0.0274943	-0.0319822	-0.0397556	-0.102221	-0.038677	-0.0225721	-0.0675466	-0.0503167	-0.0328772	-0.0310361	-0.101945	-0.0207321	-0.00531159	-0.109816	-0.0440085	-0.0675077	-0.127572	-0.0484327	-0.0936263	0.166419	-0.0276225	-0.0486713	-0.0172215	-0.0199376	-0.108243	-0.0792226	-0.096846	-0.0634485	-0.0157443	-0.0134207	0.150846	-0.0209235	-0.0272889	-0.0243514	-0.0221813	-0.00999222	-0.057347	-0.0412927	-0.0293996	-0.0357564	-0.021334	-0.053354	-0.105193	-0.0410244	-0.0901098	-0.0607851	-0.0320615	-0.126693	-0.0258571	-0.0535065	-0.0385996	-0.038504	-0.030437	-0.0211205	-0.0596884	-0.0381229	0.157198	-0.0169094	-0.020396	-0.00889673	-0.00876897	-0.0259402	-0.00148708	-0.0425585	-0.0298401	-0.0169169	-0.0499512	-0.0967672	-0.0269592	-0.0639044	-0.0614327	-0.0455891	-0.0286824	-0.0373257	-0.0233932	0.14284	-0.0214018	-0.025686	-0.0417597	-0.00256449	0.401957	-0.021075	-0.00574882	0.161872	0.0952201	-0.0245622	-0.0234378	-0.0167409	-0.0231441	-0.00257598	-0.0311037	0.385061	-0.018629	-0.0701149	-0.082962	-0.047827	-0.0112783
-0.0184381	-0.0437382	-0.0669213	-0.0208907	-0.0182327	-0.0253829	-0.0155807	-0.0904997	-0.00630043	-0.0306878	-0.0372754	-0.0239857	-0.016602	-0.0190707	-0.0304053	0.363069	-0.0356875	-0.0312262	1	-0.0311176	-0.0150743	-0.0247642	-0.0195968	-0.0162555	-0.0450566	-0.0115806	-0.0418135	-0.0121477	-0.00926058	-0.0259486	-0.0600668	-0.0272199	-0.0154688	-0.0275252	-0.0738693	-0.0435481	-0.00480837	-0.0504791	0.473562	-0.0225214	-0.0179382	-0.103586	-0.015057	-0.00914442	-0.0840697	-0.0294976	-0.0509415	-0.0977943	-0.0373803	-0.0755996	0.140127	-0.0146993	-0.050026	-0.0145857	-0.0285251	0.0619999	-0.0113599	-0.0655852	-0.053533	-0.0221731	-0.0257337	0.0769205	-0.025076	-0.0192453	-0.0136784	-0.0313365	-0.00814687	-0.0681485	-0.0214214	-0.00678262	-0.0457475	-0.0230908	-0.0414185	-0.0769091	-0.0211606	-0.0604199	-0.0389909	-0.0189651	-0.0597699	-0.0189574	-0.0360036	0.018833	-0.0274867	0.0755825	-0.0123798	0.00356907	-0.0280735	0.0704838	-0.0142696	-0.0104625	-0.00919681	0.00273674	-0.00989562	-0.018992	-0.0486782	0.0823671	-0.0143703	0.00829268	-0.0697825	-0.0106092	-0.00440026	0.111806	0.108861	0.0527878	0.201802	-0.00545386	0.0281979	-0.00984327	-0.0230581	0.0196044	0.0176365	-0.0089575	-0.0166711	0.0269343	0.156249	-0.0375561	0.276767	0.0171533	-0.00666873	-0.00835786	-0.0134826	-0.0143915	-0.0321174	-0.00895289	-0.0446733	0.0119569	-0.0147635	-0.015275
-0.049486	-0.128474	-0.178657	-0.0568603	-0.042199	-0.0335961	-0.0437198	-0.233247	-0.0336984	-0.0444575	-0.0920603	-0.050647	-0.067076	-0.0540791	0.0661299	-0.0993631	-0.098562	-0.0472779	-0.0311176	1	-0.0425545	0.753584	-0.0297007	-0.0444278	-0.110139	-0.0477554	-0.0959878	-0.0492656	-0.0377269	-0.0453443	-0.17525	-0.0621761	-0.0574496	-0.0944064	-0.207687	-0.071099	-0.0296543	-0.127307	-0.0700713	-0.0537861	-0.0513076	0.374096	-0.0464125	-0.0346366	-0.0242302	0.242267	-0.14358	-0.0657772	-0.0924898	0.00937573	-0.125095	-0.0368667	-0.0867771	-0.0630803	-0.0714583	-0.232295	-0.143864	0.111157	0.467795	-0.0455557	-0.031525	-0.14793	0.422782	-0.0286634	-0.00866764	0.150966	-0.0323814	-0.117153	-0.0969912	-0.0494064	-0.0920155	-0.0189278	0.437645	0.247743	-0.0966613	0.170161	-0.139087	0.250131	0.19774	-0.0115224	0.10824	-0.0751254	0.287055	-0.040852	0.259381	0.0677275	-0.0727322	-0.152095	-0.0284625	0.315634	-0.0167995	0.102375	-0.0498792	-0.0189473	-0.0862018	-0.0278748	-0.0366936	-0.0812423	-0.0422926	-0.0233801	-0.106867	0.0209778	0.0455376	-0.0452567	0.161617	0.280708	0.124181	-0.0301621	-0.0743084	-0.0647098	0.0955205	-0.0273724	-0.0326531	-0.0945696	-0.0368491	0.110702	-0.0417809	0.334926	0.189927	0.0156884	0.0574317	-0.0622887	-0.0438295	-0.0484036	-0.131044	-0.00728581	0.0628534	-0.0118635
-0.0266904	-0.0512225	-0.0705083	-0.0111958	-0.00785881	-0.021513	0.990549	-0.0851425	-0.0115533	-0.0236338	-0.0397486	-0.0140975	-0.00829881	-0.00627371	0.420326	-0.0436642	-0.0259249	-0.0127396	-0.0150743	-0.0425545	1	-0.033072	-0.0127479	-0.0126179	-0.0333436	-0.00459413	-0.0361616	-0.0287878	-0.0186186	-0.00643097	0.221781	-0.0175875	-0.0218992	0.451535	0.175797	-0.0320577	-0.017296	0.273726	-0.0371558	-0.00196393	-0.0139868	-0.102654	-0.0279627	-0.0149679	0.0817792	0.240466	-0.0592834	0.0595689	-0.0421947	0.0951561	-0.031469	-0.0074806	-0.0417225	-0.0163556	-0.0164066	-0.0925172	-0.0472529	0.0744266	0.134488	-0.0102487	-0.0242811	-0.0223463	-0.0293558	-0.0226424	0.195201	0.0712096	-0.0107224	0.0432403	-0.0271837	0.00743311	-0.0288147	-0.020714	0.0404971	0.0615836	-0.0269592	-0.0144233	-0.0482326	-0.0332241	0.0434769	-0.015581	0.119894	-0.0300648	-0.0206607	-0.0226497	-0.016609	-0.0202657	-0.0244409	-0.0451727	-0.0242654	-0.0158556	-0.00184596	-0.0349595	-0.00731641	0.412592	0.0310414	-0.0180997	-0.00724149	-0.0303058	-0.00429497	-0.0110399	3.17436e-05	-0.0332811	0.124906	-0.0184421	-0.0300928	-0.0127726	0.0361513	-0.0138426	0.185932	-0.0229452	-0.0279644	-0.0193291	-0.00121413	0.0435266	-0.0355947	-0.0348562	-0.0274627	-0.0111745	0.192028	0.0429981	-0.0111947	0.0432768	-0.0152955	0.120239	-0.0380194	-0.00961891	0.0293578	-0.012302
-0.0406514	-0.0928876	-0.130949	-0.0406031	-0.0289241	-0.036588	-0.0339257	-0.172872	-0.0233209	-0.0252701	-0.0701699	-0.0395955	-0.051897	-0.0434206	-0.0792842	-0.0705159	-0.0722666	-0.0299563	-0.0247642	0.753584	-0.033072	1	-0.0263245	-0.0365261	-0.0832265	-0.0386056	-0.0665373	-0.0391363	-0.0360765	-0.0291402	-0.130193	-0.0496693	-0.0400542	-0.0756859	-0.156672	-0.0546887	-0.0210443	-0.100941	-0.0480307	-0.0405767	-0.0362863	0.287423	-0.0349245	-0.0259171	0.0781568	0.344416	-0.109769	0.0383312	-0.0650379	0.106102	-0.182779	-0.0284035	-0.0800185	-0.0513666	-0.0594244	-0.189478	-0.119619	0.0747395	0.444785	-0.0351556	-0.0113347	-0.175641	0.570273	-0.0243374	-0.0295129	-0.0358562	-0.0218987	-0.0982229	-0.0786235	-0.0392585	-0.0691716	-0.0155946	0.595252	0.257998	-0.0790377	0.305449	-0.102571	-0.0296263	0.214207	-0.00765755	-0.0478232	-0.0613866	0.389042	-0.0400955	0.371929	-0.0750971	-0.0582138	-0.177221	-0.0181144	0.405073	-0.0135586	-0.0345721	-0.0396972	-0.0201923	-0.0745842	-0.031305	-0.036467	-0.0634548	0.0278349	-0.0234717	-0.0791048	-0.0765215	-0.0778412	-0.0384653	-0.0500942	-0.0360263	0.0310513	-0.025241	-0.0564681	-0.0472868	-0.0219931	-0.00951829	-0.0150305	-0.142725	-0.0412814	0.103778	-0.0337568	0.437432	-0.044746	-0.0145385	-0.00856704	-0.0533735	-0.0278552	-0.0371292	-0.0897651	0.0528638	0.134569	-0.0106874
0.585418	-0.0426015	0.2	-0.024937	-0.0238511	0.703485	-0.0132365	0.169054	-0.0123124	-0.0226376	0.350461	-0.0287266	-0.0241431	-0.0162132	-0.0314852	-0.0546978	0.147355	-0.0139622	-0.0195968	-0.0297007	-0.0127479	-0.0263245	1	-0.0238172	-0.028231	-0.00568198	-0.0223401	-0.0324711	-0.0164013	-0.0140765	-0.0575189	-0.0157181	-0.030657	-0.020652	0.180591	-0.0469035	-0.0249241	0.272407	-0.0379432	-0.0112416	-0.0181946	0.150946	-0.0124189	-0.0113941	0.15671	-0.0311004	-0.0380909	0.12987	-0.0369774	-0.0622551	-0.0929455	-0.00858779	-0.052065	-0.015366	-0.0318829	0.0320925	0.0969021	-0.0334996	-0.023662	-0.0376724	-0.0165047	-0.105695	-0.0195037	0.511835	-0.0076654	0.00168321	-0.0114057	-0.0524656	-0.0298548	-0.0156421	-0.0405988	-0.0213104	-0.0350061	-0.0397937	-0.029629	-0.0456178	-0.0211603	-0.0213803	0.113407	-0.0164746	0.232041	0.247132	-0.0305185	-0.0158411	-0.0174222	0.186885	-0.00988557	-0.0804847	-0.0123297	-0.00434843	0.704629	-0.0335937	-0.0117175	-0.017232	-0.0427508	-0.010111	-0.0119989	0.186499	-0.0451844	-0.0157264	0.151024	0.141896	-0.014994	-0.0146133	-0.0173151	-0.00508976	-0.0690582	0.0755012	-0.00542448	0.214077	-0.0216803	-0.0156223	-0.0134705	0.0679955	-0.0249278	-0.0523161	-0.017103	-0.0240089	-0.0166065	-0.0152587	-0.0167395	-0.004242	-0.0168909	-0.0168045	0.0975836	-0.0193042	-0.0116055	-0.00908887
-0.0375088	-0.0483303	-0.0772278	-0.027361	-0.00557736	-0.029195	-0.0131564	-0.0968097	-0.0230463	-0.0209137	-0.0525823	-0.0203997	-0.0272392	-0.017974	-0.0304869	-0.0500373	-0.0460436	0.00370636	-0.0162555	-0.0444278	-0.0126179	-0.0365261	-0.0238172	1	-0.0409907	-0.019561	-0.0268944	-0.0353692	-0.0232361	-0.0122791	-0.057614	-0.0112308	-0.0221202	-0.0223477	-0.0848894	-0.0257437	-0.0217738	-0.0582867	-0.0389832	-0.0218633	-0.0162722	-0.0339563	-0.00740743	-0.0103264	-0.0901196	-0.0330726	-0.0512796	-0.100332	-0.0488752	-0.0702165	0.0802318	-0.0155018	-0.0477386	-0.0274633	-0.0276517	-0.104603	-0.0526426	0.160995	0.248835	-0.0193945	-0.0267253	-0.101519	-0.0289689	-0.0282157	-0.0232564	0.291585	-0.0137247	-0.0573668	-0.0448093	-0.0170149	-0.0331786	-0.019866	-0.0385498	0.147551	-0.0445895	-0.0717116	-0.0518944	0.132046	0.120495	-0.00727383	0.288469	-0.0489274	-0.0213208	-0.0238016	-0.0220469	0.0353028	-0.0154407	0.0490749	-0.00384823	-0.0153751	-0.0182221	0.247035	-0.016862	-0.0160988	-0.0386876	-0.0118788	0.000432741	-0.0334747	-0.0735217	0.00904519	-0.0444648	0.0362545	0.0688344	-0.0126268	0.11801	0.184066	0.105753	-0.0148758	-0.0172131	-0.033374	0.262547	0.00164246	-0.0161992	-0.0135096	-0.0209008	0.0700499	-0.0136738	-0.0316755	0.134724	0.00823399	-0.0187584	-0.00790623	-0.0221035	-0.0139968	-0.045644	-0.0593756	-0.0244497	-0.0161115
-0.0496751	-0.141124	-0.191872	-0.0643072	-0.0331822	-0.0371936	-0.0317654	0.420165	-0.0353046	-0.0620654	-0.0969747	-0.0588782	-0.059741	-0.0368561	-0.089152	-0.125738	-0.10567	-0.0549329	-0.0450566	-0.110139	-0.0333436	-0.0832265	-0.028231	-0.0409907	1	-0.0320734	-0.090276	-0.065283	-0.0446748	-0.0455144	-0.174312	0.514378	-0.0465903	-0.0761845	-0.211368	-0.0907621	-0.0343089	-0.121674	-0.0891695	-0.0480395	-0.0488764	-0.253567	-0.0318355	-0.0397955	-0.235052	-0.0822119	0.0472221	-0.0828846	-0.0861059	-0.0210816	-0.232496	-0.0275081	-0.103488	0.32708	-0.0738492	-0.0887926	0.00243365	-0.0315173	-0.099416	-0.0589041	-0.0211177	-0.127055	-0.0285666	-0.0461089	-0.0386538	-0.0225305	-0.0234487	-0.119764	0.177756	-0.0356696	-0.0918646	-0.0314372	-0.0841077	-0.0128635	0.175325	-0.0149423	0.0476269	-0.0431199	-0.0901155	-0.0518835	-0.0787072	-0.0777853	-0.0676137	-0.0346471	-0.0372361	-0.0934636	0.524298	-0.141288	-0.0301868	-0.0240054	-0.0127615	-0.0402474	0.217873	0.0103282	-0.0992676	-0.0200204	0.281743	-0.0739235	-0.0342122	-0.00989857	0.242865	-0.0369204	0.239329	0.0188707	-0.0413417	-0.0266947	0.107984	-0.0435494	0.340054	0.0423535	-0.0566628	-0.0310399	-0.0362208	0.101567	-0.059585	-0.0306331	-0.0299929	-0.0524248	-0.00600222	-0.013502	-0.0265105	0.34341	-0.0446259	-0.0379731	-0.00985004	-0.0760259	-0.00291317	0.10097
-0.0167656	-0.0582001	-0.0763199	-0.0306389	-0.0149779	-0.0121597	-0.00520513	-0.0904871	-0.0145034	-0.0284157	-0.0355278	-0.0290142	0.654528	0.828301	0.441039	-0.0404682	-0.0378057	-0.0255765	-0.0115806	-0.0477554	-0.00459413	-0.0386056	-0.00568198	-0.019561	-0.0320734	1	-0.0470531	-0.0148512	-0.0101017	-0.0199882	0.227599	-0.0122267	-0.0227227	0.487873	0.18738	-0.0247172	-0.0208396	0.295632	-0.0331236	-0.0155574	-0.0208574	0.066492	-0.0120355	-0.0093672	0.169885	0.430308	-0.0141008	0.145702	-0.0321155	0.182865	-0.116407	0.0138628	-0.0402363	-0.0195811	-0.027441	0.0237912	-0.0547334	0.151238	0.239986	-0.0108136	0.00140386	-0.114347	-0.0124929	-0.00948912	-0.0219994	-0.0254083	-0.0177235	-0.053723	-0.0268575	-0.00135447	-0.0392497	-0.0114568	0.333255	0.141743	-0.0266102	0.17158	-0.0556281	-0.0236465	0.12513	-0.0156761	-0.0346915	-0.0175697	0.430605	-0.010466	-0.0209456	-0.0325812	-0.0229774	-0.108769	-0.00662166	-0.0222237	-0.00928171	-0.0419376	-0.0158435	-0.0191315	-0.0346004	-0.0162381	-0.0103323	-0.0180411	-0.0742733	-0.0143656	-0.0264217	-0.0262263	-0.0425568	-0.0159099	-0.0280623	-0.0143713	0.0644834	-0.010517	-0.0297737	-0.0258699	0.0415782	-0.00936035	0.000154012	-0.0440823	-0.029896	0.114832	-0.022813	0.302929	-0.013981	-0.0121706	-0.00904861	-0.0192649	-0.0114573	-0.0150753	-0.0113983	-0.0688367	-0.0404452	0.000466031
-0.0565313	0.669892	0.468552	-0.054265	-0.0227929	-0.0324189	-0.0357024	0.37205	-0.0312591	-0.0496238	-0.0962947	-0.0468387	-0.0629435	-0.0505631	-0.0941398	-0.0978407	0.385395	-0.0454886	-0.0418135	-0.0959878	-0.0361616	-0.0665373	-0.0223401	-0.0268944	-0.090276	-0.0470531	1	-0.061158	-0.0409011	-0.0401915	0.516803	-0.0472031	-0.0529213	-0.0823763	0.402405	-0.0692185	-0.0432351	-0.12911	-0.0675031	-0.0484508	-0.0478847	0.340623	-0.0404194	-0.025116	0.378877	-0.0881197	0.467254	0.236221	-0.0997808	0.340318	-0.155236	-0.0320177	-0.0942933	-0.0417737	0.0865751	-0.0362001	0.301496	0.204161	-0.112004	-0.0377019	-0.0306187	-0.140627	-0.0508651	-0.0420157	-0.0478569	-0.0555515	-0.0318969	-0.106362	-0.0745237	-0.0321565	-0.0713852	-0.0333258	-0.0826545	0.182297	-0.0745346	0.230643	0.329088	-0.0613696	0.169476	-0.0399998	-0.0986926	-0.0108103	-0.0579655	0.0701986	-0.0553206	-0.0446118	-0.0575006	-0.129919	-0.0258049	-0.0148651	-0.0175446	-0.0536147	-0.0480963	-0.0119086	-0.0885187	-0.0449623	-0.0327534	-0.00641752	0.154472	-0.0326944	-0.0304766	-0.029895	-0.09172	-0.0406024	-0.0596557	-0.0545835	-0.116869	-0.0104965	-0.0641361	0.00154431	-0.0306475	-0.0288148	-0.0275248	-0.152814	-0.047036	-0.0385076	-0.0301845	-0.0169486	-0.0612457	-0.0257192	-0.0247793	-0.0525233	-0.0459835	-0.0211553	-0.0843829	0.204537	0.0445751	-0.0115318
-0.0396521	0.468303	0.319368	-0.0395786	-0.0262774	-0.0348108	-0.029539	0.252613	-0.0193898	-0.0457399	-0.0754226	-0.0360404	-0.0377257	-0.02473	-0.0545147	-0.0671962	0.341366	-0.0245923	-0.0121477	-0.0492656	-0.0287878	-0.0391363	-0.0324711	-0.0353692	-0.065283	-0.0148512	-0.061158	1	0.724576	-0.0155897	0.363059	-0.0387545	-0.0354416	-0.0474969	0.289716	-0.0397525	-0.0210881	-0.0869413	-0.0493011	-0.0402209	-0.0327342	0.240415	-0.0264581	-0.0227894	0.260339	-0.0538763	0.391719	0.207347	-0.071323	0.288043	-0.156332	-0.028251	-0.0511262	-0.0378464	-0.0415125	0.209593	0.238658	0.203696	-0.0870361	-0.0177398	-0.00616818	-0.1173	-0.0241283	0.0150741	0.0280765	-0.0342447	-0.0149924	-0.0433625	0.472041	-0.0316699	-0.0459089	0.0461189	-0.0539715	0.173376	0.472939	0.215893	0.2916	-0.0368226	0.147036	-0.0303685	-0.0556615	-0.0345714	-0.0390906	-0.0254839	-0.0154591	-0.0551075	-0.0335163	-0.119015	-0.0319169	-0.0217908	-0.0253795	-0.0550666	-0.00148611	-0.0281548	-0.0303394	0.133088	-0.0267802	0.0172573	0.123891	-0.0206176	-0.00513353	-0.0174965	-0.0588725	0.101168	-0.0411068	-0.0299278	-0.0956991	-0.02999	-0.0390382	0.0278108	-0.035043	-0.0175457	-0.011381	-0.0495707	-0.0231499	-0.0386884	-0.02808	-0.0295311	-0.0257847	-0.0180118	-0.00960897	-0.00418934	0.0202662	-0.0108673	-0.00772674	0.0740872	0.141398	-0.0206057
-0.0250864	0.320449	0.219072	-0.0229319	-0.011996	-0.0197751	-0.0191368	0.172096	-0.0138237	-0.0317562	-0.0496307	-0.0194083	-0.0238536	-0.0164524	-0.0402704	-0.0428491	0.248133	-0.00838655	-0.00926058	-0.0377269	-0.0186186	-0.0360765	-0.0164013	-0.0232361	-0.0446748	-0.0101017	-0.0409011	0.724576	1	-0.0155282	0.245802	-0.0247265	-0.024107	-0.0377649	0.195157	-0.0312584	-0.0186225	-0.0605642	-0.0297234	-0.0212811	-0.0223165	0.162255	-0.0165556	-0.0201559	0.176157	-0.0430073	0.272394	0.145569	-0.0560482	0.198407	-0.108159	-0.0115936	-0.0417777	-0.0248655	-0.0280816	0.141498	0.0954138	0.122039	-0.0592405	-0.014012	-0.0133873	-0.0652504	-0.0155335	0.0388179	0.0583431	-0.0219916	-0.00695265	-0.0132668	0.288712	-0.020009	-0.0254003	0.0716271	-0.0367892	0.0929543	0.288895	0.121542	0.17237	-0.0237532	0.0857134	-0.0255948	-0.0212968	-0.0078971	-0.0304347	-0.0273964	-0.0168735	-0.0233954	-0.0226007	-0.0626563	-0.0211318	-0.0174278	-0.0126541	-0.0391747	0.0108721	-0.0184243	-0.0418689	-0.00661885	-0.0138492	-0.020516	0.0896968	-0.0178169	-0.0314754	-0.036739	-0.0343054	-0.0116845	-0.0183577	-0.0163418	-0.0473178	-0.024187	-0.0286046	-0.0333193	-0.0209556	-0.016169	0.0080625	-0.068537	-0.0300332	-0.0114637	-0.00976982	-0.0204732	-0.0200707	-0.0103828	-0.00741874	-0.0163502	-0.00387684	-0.0251709	-0.0396546	0.0835873	0.161715	-0.01121
