1	-0.0357433	-0.0286444	-0.0531726	-0.0495037	-0.0280336	-0.0111627	0.211659	-0.044488	-0.113667	-0.0159473	-0.0110555	-0.0287018	-0.0544227	-0.00213772	-0.0273012	0.158721	-0.0145787	-0.0130195	-0.0910546	-0.0934236	0.151393	0.00189134	-0.0899046	-0.0308776	-0.0187942	-0.0324384	-0.00423817	-0.045773	-0.0158267	-0.0702299	-0.093779	-0.0187439	-0.104449	-0.036133	0.181392	-0.00678525	-0.0240959	-0.07287	0.254793	-0.0347676	-0.101622	-0.0257421	-0.0558762	-0.0237456	-0.0471004	-0.0662396	-0.0858359	-0.0277766	-0.0558231	-0.034494	0.0121866	-0.0188516	-0.0309252	0.0560152	-0.0129209	0.0749245	-0.0172112	-0.0118038	-0.0531036	-0.0326972	-0.0496711	0.116577	-0.0992226	0.000857608	-0.0450574	-0.0318874	-0.0164264	-0.0540216	-0.0477251	-0.0356766	0.122528	-0.00593914	0.117553	-0.0151569	-0.0240102	-0.0177815	-0.0192049	-0.0178548	-0.0251519	-0.0620231	-0.0065201	-0.00182302	-0.0124888	0.012115	-0.0172906	-0.0240544	-0.0424856	0.0404643	0.407995	0.0223836	-0.00600031	-0.0124411	-0.0126843	-0.00809531	0.00288636	-0.0380592	-0.0331749	-0.0244604	0.166073	-0.0586323	-0.0413996	-0.0355161	-0.0466362	-0.0218901	-0.0154152	-0.03298	0.0224155	-0.0623606	-0.0106472	0.0615659	-0.0225873	0.16943	-0.0391421	-0.0419917	-0.00856934	0.113012	-0.00145944	-0.0372097	-0.0102325	-0.00698543	-0.0740321	-0.0326103	-0.0598473	-0.0397368	-0.026072	-0.0323547	0.0251884	0.000457775	-0.0166623	-0.0289174	-0.0107989	-0.031602	0.061782	-0.0147658	-0.010288	-0.0212091	-0.0236943	-0.000610781	0.105868	-0.0375978	0.0681856	-0.0242724	-0.0405721	0.0100199	-0.0170007	-0.0248584	-0.0641878	-0.0119966	-0.0145201	-0.0455239	-0.020834	0.0638302	0.0285863	-0.030729	-0.0346504	0.0525808	-0.0285943	-0.0532489	-0.0230952	0.0547739	-0.0212086	-0.0115123	-0.00454844	-0.0246886	0.00632138	0.207861	-0.0317442	-0.0212874	-0.0121877	0.299766	-0.0115368	-0.0239316	-0.00639411	0.0256576	-0.0153722	-0.00676915	-0.0336185	-0.00820468	-0.0282055	-0.0254723	-0.0266207	-0.0466381	-0.00397444	-0.0191624	-0.0518192	0.0761509	-0.0259324	-0.000874872	-0.0420628	-0.0222181	-0.00201498	0.0111616	-0.00216981	-0.0246594	-0.0195575	0.000312823	-0.0188583	-0.00772554	0.0187339	-0.0282363	-0.0275223	-0.0314335	-0.00561657	-0.0143978	-0.0107094	-0.015827	-0.00771821	-0.0252326	0.0167252	0.00251197	-0.00433593	-0.0442442	0.0385319	-0.0224362	-0.0290738	0.116584	-0.00777415	0.100939	-0.0287822	0.249291	0.0621819	0.0730617
-0.0357433	1	-0.0579992	-0.0893447	-0.0595618	-0.0510162	-0.0208187	0.336762	-0.0629848	-0.166395	-0.0319045	-0.0241714	-0.0487046	-0.0998225	-0.0270092	-0.0388657	0.249023	-0.0265151	-0.0368977	-0.129761	-0.138714	0.242797	-0.0381113	-0.13982	-0.0706506	-0.020028	-0.0250905	-0.0147386	-0.0385877	-0.0474259	-0.1116	-0.119671	-0.0375506	-0.15927	-0.00522173	0.280922	-0.0444604	-0.0367815	-0.0776368	0.366215	0.784227	-0.137423	-0.0163485	-0.0634504	-0.0376148	-0.0356418	-0.102061	-0.141325	-0.0707021	-0.0945087	-0.0445686	0.339633	-0.0324899	-0.0247476	0.542605	0.241341	-0.154592	-0.0512557	-0.0238128	-0.074283	-0.0413853	-0.0735654	-0.118414	-0.163274	-0.051417	-0.0757639	-0.0216426	-0.0333594	-0.0484455	-0.068601	0.038005	0.168506	0.00359054	0.133102	-0.00898966	-0.00618736	-0.0178337	0.197223	-0.030887	-0.013693	-0.0525444	0.241231	-0.0273809	-0.0344775	-0.0084436	-0.0379641	-0.000944066	-0.0353034	-0.0252982	-0.0311255	-0.0304591	-0.0190766	-0.0204813	-0.0370707	-0.017023	-0.0450593	0.251836	-0.0326183	-0.0402623	-0.0540501	0.158195	-0.0967628	0.313423	-0.0642202	-0.00125143	-0.0345535	-0.0700845	-0.0282024	0.108065	-0.0250992	-0.035959	-0.0304588	-0.065641	0.268299	-0.066658	0.0107903	-0.106481	-0.0748222	-0.0403403	0.00118779	0.0357667	0.0133686	-0.0115336	0.0275448	-0.0142236	-0.0867173	-0.0360708	-0.05531	-0.0119604	-0.036694	-0.0319839	-0.0216228	0.0627592	-0.016332	-0.022727	-0.0276894	0.120169	0.00129287	-0.0271084	-0.0482311	-0.0322013	0.06394	-0.0182579	-0.0369495	-0.0730481	-0.0299713	-0.0410872	-0.0518434	-0.0218552	-0.0201329	-0.0219833	-0.0190902	-0.0370141	-0.0700661	-0.00096358	-0.00391301	-0.0404959	0.0555178	-0.0164107	-0.0247413	-0.0156971	-0.0118495	-0.0149574	-0.00892651	-0.0212892	-0.0122921	-0.0110247	-0.0334454	-0.0319638	-0.0621151	-0.0324091	-0.00732749	-0.0148264	-0.0193163	-0.0388806	0.176869	0.00234833	-0.0174711	-0.0192296	-0.0173721	0.0273478	-0.0316494	0.058422	-0.0171399	0.0885978	-0.0265152	-0.0308143	0.0460265	0.0201131	-0.0217722	-0.0234114	-0.0119472	0.00283819	-0.00867074	-0.0291131	-0.0162312	0.0115249	-0.0290526	0.00303551	-0.00445499	-0.0237424	-0.0129534	-0.0396064	-0.0143513	0.0415991	0.0833633	-0.00656777	-0.0185478	0.0152706	-0.0209037	-0.0123083	-0.0135222	0.0567862	-0.0157657	-0.00878503	-0.0211904	-0.0135566	0.12829	-0.0244837	-0.0406055	-0.0410996	-0.013116	-0.0346406
-0.0286444	-0.0579992	1	0.704487	-0.0793515	-0.0432147	0.441636	-0.185593	-0.0780354	-0.201081	-0.0382317	-0.0300679	-0.0638398	-0.132821	0.42877	-0.0525524	-0.215756	-0.0335365	-0.03777	-0.121593	-0.113487	-0.175008	0.233207	-0.0990201	-0.07172	0.044569	-0.0418755	0.421276	-0.061049	0.0419426	0.271738	0.264585	-0.0825087	-0.148763	-0.0587617	-0.146149	0.43286	-0.0376153	-0.104693	-0.124556	-0.0556911	0.228698	-0.00932857	-0.0805606	0.0317319	-0.0589374	0.336746	0.257411	-0.0523265	-0.122858	-0.105515	-0.12639	-0.0213054	-0.0156145	-0.0617926	-0.155686	-0.133751	0.496744	0.348332	-0.0887508	-0.0581816	-0.0911271	-0.0926861	-0.168964	-0.036669	0.024537	-0.0305475	-0.0239573	0.0608207	-0.043093	0.0478502	-0.00887933	-0.030779	-0.00635949	-0.00703715	-0.00645376	-0.0294177	0.0253481	0.0211649	0.0127149	0.0509631	0.0396215	-0.0399686	0.0687439	-0.0298319	0.0571435	0.0976431	-0.0339979	-0.0426254	-0.0232298	0.0138965	-0.02629	0.00990565	0.0684981	-0.00811668	-0.00641867	0.0144896	-0.0198443	0.00163702	-0.0475628	0.08048	-0.0451104	0.0345967	-0.00859419	0.00335978	0.0123104	-0.0115933	-0.0313463	0.0410912	0.0664001	-0.0218223	0.026213	-0.0748544	0.0346917	0.0176869	-0.0191983	-0.00841986	-0.0243968	0.0385941	-0.0110152	0.00569158	0.00863203	0.00234869	0.0453419	-0.0437583	-0.00251847	-0.0212149	-0.00406547	-0.0287955	-0.0131015	0.0323649	-0.0164076	-0.0154604	-0.0172948	-0.0272517	-0.033541	0.00362605	0.0169718	0.10009	-0.0495389	-0.00668731	-0.0355284	-0.0285392	-0.0111912	-0.004965	-0.0117401	0.0375836	-0.000578665	-0.00471892	-0.014945	-0.0355292	-0.0297093	-0.00664377	0.0233077	0.0211324	-0.000493159	-0.01607	0.0470727	0.0121338	-0.0234768	-0.0226082	0.0069393	0.00253451	-0.0294678	-0.0067082	-0.0157876	-0.0239441	-0.0078242	0.0337161	-0.0306312	-0.011306	0.0327189	-0.021942	0.0814833	-0.0243979	0.00978006	0.00820114	-0.0455911	-0.00670064	-0.00252274	0.0279494	0.0325609	0.0417855	-0.00522039	0.0368949	-0.0189825	0.00521418	0.00153424	0.00986315	-0.0109965	-0.02293	0.036875	-0.0089779	0.0452327	0.0175242	-0.010587	-0.0135457	-0.0288564	0.028855	0.0633835	-0.019591	-0.0175728	-0.0364236	-0.00970307	-0.0124631	0.0495154	-0.0191086	-0.0220307	-0.0324898	-0.039737	-0.0132	0.00279101	0.0256827	0.0288461	-0.0235595	-0.01788	-0.00122841	0.00654258	-0.00953467	-0.0301061	-0.024492	-0.0130849	-0.0175308
-0.0531726	-0.0893447	0.704487	1	-0.118955	-0.0701657	0.304248	-0.265214	-0.102104	-0.29956	-0.0569204	-0.0452093	-0.0894676	-0.175966	0.298039	-0.0729738	-0.315017	-0.0424464	-0.0589301	-0.205398	-0.197522	-0.25349	0.151513	-0.184516	-0.108971	0.00231264	-0.064791	0.291366	-0.0974024	0.00896194	0.429753	0.398209	-0.102054	-0.247195	0.50023	-0.198822	0.296006	-0.049791	-0.170112	-0.130672	-0.00391783	0.326222	-0.030663	-0.124751	0.0205296	-0.0879779	0.482632	0.351397	-0.102198	-0.186479	-0.134978	-0.136813	-0.0343996	-0.0257221	-0.0415964	-0.200706	-0.216329	0.33723	0.242882	-0.138231	-0.0851308	-0.116612	-0.151197	-0.269535	-0.0725441	-0.0186941	-0.0208346	-0.0500738	0.163844	-0.106009	0.0152088	-0.0189054	-0.0382576	-0.0237502	-0.014812	0.14388	-0.0393302	-0.00713594	0.0162432	-0.00200802	0.127677	0.0126481	-0.0504031	0.0857697	-0.0355077	0.081208	0.0694287	0.0869277	-0.0306638	0.0282876	0.0078857	-0.0390931	0.000524041	0.0815512	0.0057239	-0.0203554	-0.0154462	-0.00338064	-0.00643604	-0.0457269	0.112577	-0.0763152	0.0119716	-0.0157557	0.00496028	-0.000836281	-0.0208408	-0.0392486	0.0461997	0.044291	-0.0161524	0.0642041	-0.0810775	0.00384764	0.0490165	0.0217398	-0.0439096	0.00273975	0.0206048	-0.0201555	-0.0411033	0.0133164	-0.0139195	0.0366518	-0.0261824	0.00823915	-0.0419848	0.00308037	-0.0398855	-0.0489359	0.0419126	-0.0211629	0.0416972	-0.0300017	0.0353081	-0.0509178	-0.0365082	0.0185065	0.12265	-0.00736051	0.00958159	-0.0356942	-0.0539348	0.015444	-0.00376981	-0.045525	0.026754	0.00390227	0.00881799	-0.0259659	-0.0294808	-0.0341365	-0.00477393	0.0245833	0.0492528	-0.0371865	-0.0253009	0.0557972	0.0118085	-0.00680038	-0.028405	-0.00923108	-0.0138738	-0.024283	0.0490907	-0.0151744	-0.00540969	-0.0024322	0.0377156	0.000681629	-0.0090827	0.0106026	-0.0281723	0.0952477	-0.028828	0.00595129	-0.0322453	-0.0858457	0.0176432	-0.0284193	0.00671298	0.0100153	0.0371985	0.0173956	0.035531	-0.0560977	0.00804219	-0.00822399	0.0120198	0.00842798	-0.0475857	0.0209753	-0.00663837	0.0177856	-0.0253992	0.013986	-0.0159044	-0.0512451	0.0146678	0.0501532	-0.0360343	0.0645287	-0.0268456	0.0176136	0.0178143	0.0457624	-0.0349684	-0.0251796	-0.0420888	-0.0264471	-0.0162875	-0.0119222	0.0375173	0.0109031	-0.0283437	0.0213702	-0.0142424	-0.000478983	-0.02438	-0.0306536	-0.0235349	-0.027465	-0.0206757
-0.0495037	-0.0595618	-0.0793515	-0.118955	1	-0.0432552	-0.032914	-0.194445	-0.0781175	0.3835	0.487276	-0.0382164	-0.0508204	-0.124697	-0.0284794	0.0590387	0.346696	-0.0350355	-0.032008	-0.162408	-0.169359	0.328229	-0.0541877	-0.163093	-0.0805209	0.400734	-0.0378145	-0.0238213	-0.0197778	-0.0427683	-0.176588	-0.159979	-0.0731866	-0.184627	-0.0774618	0.360177	-0.0618509	-0.0160764	0.429136	-0.127975	-0.0526167	-0.230274	-0.0373634	-0.126354	-0.042743	0.665362	-0.149497	0.272326	0.384452	0.209645	-0.108244	-0.136649	-0.0126931	-0.0247826	-0.0770446	0.13293	-0.00496116	-0.0605171	-0.0278892	-0.0515707	-0.0530391	-0.0824439	0.0674027	-0.0459452	-0.00278678	-0.0643609	0.0359656	-0.0359528	0.00969446	-0.00344545	-0.0540514	0.0296177	-0.0327783	0.0262568	-0.0425599	-0.0488922	0.31171	-0.0794227	-0.02627	-0.0549516	-0.0142599	-0.0693719	-0.00903514	0.0815424	-0.0342893	0.1071	0.0439	-0.0555806	-0.0433201	-0.00948294	-0.0610723	0.324797	-0.0109317	0.0708962	-0.0132554	0.0633889	-0.028841	-0.0317537	-0.0585301	0.0930808	0.00178636	-0.120426	-0.0196782	-0.0429559	0.0516314	-0.0279574	-0.0989497	-0.0479901	-0.0288451	-0.0221649	0.131153	-0.104792	0.141549	-0.00498747	-0.0346782	-0.0186487	0.062661	-0.103119	-0.0902796	-0.0261816	0.00239293	-0.0662269	-0.0438454	-0.0521183	-0.0359644	-0.0314972	-0.0258071	-0.0531705	-0.0318895	0.120632	0.0636431	0.213882	-0.03552	-0.0342884	-0.0317638	-0.0271731	0.0587538	-0.0319049	-0.0386947	0.031641	0.0242032	0.0712672	-0.0363089	0.0228641	-0.0503918	-0.0250076	-0.0479462	-0.0461746	-0.0371318	-0.0135019	0.00595697	-0.0253776	0.0851659	0.0160602	-0.0158354	0.0478594	0.0691176	-0.0624228	0.0294388	-0.00715169	-0.0190055	-0.0163243	-0.0358532	0.13133	-0.00954278	-0.0236101	-0.03437	0.044091	0.0317226	-0.0428835	-0.0263908	-0.0152281	0.212582	-0.0246166	-0.0517413	0.0376176	0.0336335	-0.0163067	-0.00706675	0.015542	0.11865	-0.00685682	0.0679051	-0.0550392	0.0648938	0.0101775	0.00306154	0.108765	0.0268036	0.0614426	-0.00163238	-0.0151937	-0.0179564	0.0268459	-0.00770377	-0.0191637	-0.0270382	0.00463223	0.0534889	-0.0324003	-0.0184564	-0.0174467	-0.0195358	-0.0207132	-0.00640767	0.0330645	-0.0256773	0.151828	-0.0122184	-0.0409818	-0.0297286	-0.025943	0.0193862	-0.0205391	-0.0326231	-0.0449606	0.0445109	0.0168467	0.0254505	-0.00479498	-0.0205123	-0.0193353	-0.0126472
-0.0280336	-0.0510162	-0.0432147	-0.0701657	-0.0432552	1	-0.023212	0.262405	-0.0462728	-0.132503	-0.0279604	-0.0145057	-0.026288	-0.0723991	-0.0178648	-0.0398	0.212728	-0.0199694	-0.0157939	-0.0981846	-0.100484	0.211428	-0.0394121	-0.0998866	0.566259	-0.0326464	-0.0404374	-0.0248864	-0.0468784	-0.0199916	-0.119997	-0.131537	-0.0458984	-0.113504	-0.0393834	0.23957	-0.0398982	-0.0177678	-0.0812988	0.298645	-0.0545354	-0.150121	-0.0291496	-0.0686969	-0.0241448	-0.0295489	-0.107566	-0.139233	-0.0182504	-0.0739349	-0.0582829	-0.0946982	-0.0208353	-0.0171983	-0.0778797	-0.114629	0.176926	-0.0420916	-0.0166432	-0.0483582	-0.0376721	0.0849792	0.11259	0.0477362	-0.0301316	0.0374894	-0.0236915	-0.0424922	-0.0320398	-0.0233471	-0.0319667	-0.00977704	0.137893	-0.0158178	-0.0065389	-0.0229589	-0.0159202	0.016946	-0.0134528	0.0844975	0.0338066	-0.0231412	-0.0118009	-0.028659	0.0102051	-0.0310245	-0.0103951	-0.000505301	0.0152465	-0.0318532	0.0188642	-0.015324	0.00468189	0.00223204	-0.00547251	0.0258042	-0.0486999	0.042586	0.125825	0.0140491	-0.0509772	0.065401	-0.0410035	0.0676301	-0.0255257	-0.0134987	0.109067	-0.000541404	-0.0718947	-0.0194699	-0.0237017	0.0946658	0.00891771	-0.0481594	0.107037	-0.0086125	-0.0359093	0.0387462	-0.0135815	0.0477139	0.036105	-0.0382604	-0.00429792	-0.0541981	0.0144666	0.0350187	-0.00489224	0.0421966	-0.00572281	0.0267141	-0.0231336	-0.0186936	-0.0216832	-0.00332595	-0.0245949	0.0663854	0.00266069	0.0496886	-0.0174214	0.0168207	-0.00364243	0.014279	-0.0231146	-0.00331065	0.0306281	-0.0324025	0.0155252	0.00930767	-0.0136799	-0.0211296	-0.0337293	-0.00269183	0.0085372	0.0286189	-0.00686775	0.00119651	0.00116519	0.0186401	0.0191012	0.00716611	0.00578591	-0.0054801	-0.0129078	-0.0134653	0.000114632	-0.00733695	-0.0168089	-0.0302439	0.0412391	-0.00807085	-0.00937577	-0.0150281	-0.0228241	-0.00958621	0.0168101	-0.00934105	0.00623444	-0.00721022	-0.00262862	0.0150818	-0.0191836	-0.014219	0.0409565	-0.00622086	0.0167864	0.0108254	0.0256969	-0.00952026	-0.0128729	0.0261785	-0.00968454	0.00477014	0.0832326	-0.0311452	-0.0203347	0.0754241	0.0213229	0.0020024	-0.0237161	-0.00863842	0.00897147	0.0487946	0.00974055	-0.0244591	-0.00588453	0.0121048	0.0356104	-0.0285704	0.00060904	-0.0031787	0.00159026	-0.0108797	0.0253709	-0.0123604	-0.00100795	-0.000728271	-0.00349532	0.000895982	0.0411575	-0.00251089	-0.00869069	0.0097859	0.0138565
-0.0111627	-0.0208187	0.441636	0.304248	-0.032914	-0.023212	1	-0.0898791	-0.0306642	-0.0784206	-0.00947527	-0.00874438	-0.0316516	-0.0586473	-0.0164558	-0.0274087	-0.103935	-0.0126505	-0.0195199	-0.0624143	-0.0656048	-0.0452705	-0.0180229	-0.0626486	-0.0442712	0.167128	-0.0177986	-0.0212917	-0.0360632	-0.0105679	0.10687	0.103403	-0.0369949	-0.0877566	-0.0245915	-0.0283384	0.405209	-0.0216174	0.00275704	-0.0602155	-0.0278289	0.0847241	-0.012104	-0.0426205	-0.00981317	-0.0210638	0.131236	0.128044	0.0247373	-0.0147335	-0.0369705	-0.0541334	-0.0117368	-0.000104105	-0.0358155	-0.0409886	-0.074034	0.35776	0.757807	-0.0368984	-0.0337208	-0.0418044	-0.0348863	-0.0683265	0.00429509	0.0204062	-0.029144	-0.00729453	-0.01869	0.0129869	0.078717	0.0345865	-0.0291313	0.0211193	-0.0162967	-0.0163697	-0.0145223	0.0135442	0.0172353	-0.0297007	-0.027952	0.0151306	-0.01513	0.00679866	-0.0187942	-0.00684755	-0.000390129	-0.0168727	-0.0235192	0.00813886	0.0440037	-0.00598386	-0.0158474	-0.00375574	0.00196801	0.0340896	-0.017052	-0.00616187	-0.027591	0.0142996	-0.0237403	-0.0266904	-0.0163284	0.0309105	0.0472925	0.0051282	-0.0114152	-0.0258659	-0.033319	0.108581	0.055029	0.00927716	-0.0281884	-0.0090636	-0.0494263	-0.00331866	-0.0172083	-0.0454411	0.00953992	-0.0186825	-0.00576438	0.0317792	0.0106186	0.0386641	-0.00609469	-0.038564	-0.0163164	-0.0358607	-0.000569876	0.0652217	-0.0184571	-0.0187028	-0.023071	-0.0218984	-0.0252277	-0.0205281	0.0278139	-0.00130664	0.00183843	-0.0204183	-0.0170307	0.00599409	0.0136225	-0.0112232	-0.0243215	-0.000321845	0.0447743	0.0194586	-0.0120678	0.0159074	-0.0110971	-0.00791735	0.0340636	0.0569055	-0.0114577	0.043522	0.0273118	-0.00630599	0.0339507	-0.0124737	-0.012636	0.0144273	-0.00431142	-0.0214541	-0.0147998	-0.0178389	0.0076357	-0.0154061	0.0235753	-0.0243506	0.0196777	0.0209224	-0.013504	-0.0109207	-0.0166779	-0.0210648	0.0494563	-0.0136992	0.00229531	0.034572	0.0794816	-0.00486133	0.0322488	-0.0197305	0.0108032	0.0180453	0.0339096	-0.00904458	-0.0177971	-0.0274216	0.0125304	0.0659594	-0.00838937	0.00238706	0.00323416	-0.013139	0.000917445	-0.00338412	-0.000792724	0.000175359	-0.0348824	-0.0258424	-0.00263459	0.008385	0.00382445	0.00803737	0.00998098	-0.0168724	-0.0183565	-0.00458211	0.000668777	-0.00183587	-0.0273501	-0.0120973	-0.00947844	-0.0195126	0.0677671	-0.00569531	0.0378972	0.00292592	0.0076747	-0.0255883	0.0240154
0.211659	0.336762	-0.185593	-0.265214	-0.194445	0.262405	-0.0898791	1	-0.174949	-0.496861	-0.093185	-0.0644045	-0.137938	-0.302801	-0.0702388	0.157922	0.802614	-0.0767488	-0.078745	-0.39176	-0.407297	0.658005	-0.102249	-0.26099	0.273128	-0.0925474	0.23332	-0.067516	0.359966	-0.105703	-0.420643	-0.0410989	-0.147204	-0.192291	-0.09455	0.431222	-0.135876	0.138777	0.0132861	0.516979	0.26351	-0.153907	0.167936	0.116612	-0.091535	-0.144146	-0.339467	-0.312039	0.060973	0.149242	0.121861	0.344	0.11429	0.0770673	0.347917	0.349254	-0.0535063	-0.15082	-0.0800748	-0.217211	0.126607	-0.148966	-0.142797	0.0992372	0.11536	-0.11126	-0.0815174	-0.0811093	-0.0661253	-0.0609414	-0.0566025	0.141796	0.0186956	0.146835	-0.0537277	-0.070744	-0.0521074	0.169704	0.00652325	-0.0343752	-0.0746358	0.134725	-0.0521791	-0.0827784	0.165055	-0.0847206	-0.0496193	0.00731172	0.104098	0.0723726	0.0975746	-0.0487929	-0.00869218	-0.0693068	-0.0558288	0.0672258	0.120933	-0.0343033	-0.0372537	0.0659604	-0.00941934	-0.0782318	0.0770802	0.042104	0.0514257	-0.00828413	-0.0079994	0.106969	-0.0770434	-0.00872887	0.0358608	-0.0273396	0.0794286	0.0983709	-0.00927879	0.0199015	-0.00586198	-0.0189992	-0.0572761	-0.0201567	0.000215546	-0.0380673	-0.050236	-0.0435551	-0.0100872	-0.0563331	-0.00976685	0.0127987	-0.00310828	-0.067882	0.00215326	-0.046486	0.0178761	0.0641697	0.016416	-0.0243866	0.0263208	0.000627605	-0.0480037	0.0780722	-0.00644884	0.0841164	0.0943316	-0.0162266	-0.0253492	-0.0701466	-0.0186721	0.00228347	0.0242098	0.0422956	0.0137888	0.0952898	-0.0494761	-0.0474711	-0.0261045	-0.0749626	-0.0701094	0.0414593	-0.0645247	-0.0486759	0.0905927	-0.0453478	-0.0325168	-0.0312359	-0.0285805	0.0491503	0.0414288	0.0002425	-0.00740604	0.0125563	0.0728069	-0.0183186	-0.046959	-0.0412704	0.00861789	0.0440987	-0.00873649	0.00193338	-0.024059	-0.0407673	-0.0307701	-0.0403075	-0.00857045	-0.0155857	0.0324863	-0.0375421	-0.00694666	-0.0104298	0.0031	-0.0262377	0.0739388	0.0331914	0.069615	-0.037643	-0.0554363	0.0118432	-0.0161549	0.0431144	-0.023608	-0.00519973	0.0044916	-0.0114639	-0.0231103	0.00324756	0.00344055	0.0189528	0.0146016	-0.0500134	0.0348306	0.00717945	-0.010469	-0.0160938	0.0173007	0.0190284	0.0701285	-0.0518514	0.0258045	0.0287869	0.0394671	0.0197688	0.0679174	0.0521741	-0.00402599
-0.044488	-0.0629848	-0.0780354	-0.102104	-0.0781175	-0.0462728	-0.0306642	-0.174949	1	-0.184538	-0.035844	-0.0245637	-0.0343381	0.565922	-0.0327135	-0.0374982	-0.207654	-0.0287069	0.493696	-0.147585	-0.153683	-0.211338	-0.040039	-0.128115	-0.0774085	-0.0333474	-0.0352102	-0.029613	-0.0681057	-0.0542535	0.341081	0.316177	-0.0620362	-0.175056	-0.0520748	-0.146088	-0.0496071	-0.025559	-0.120662	-0.103059	-0.0670732	0.243755	-0.033205	-0.0902089	-0.0147225	-0.0575585	0.350385	0.245917	-0.079342	-0.0948241	-0.0710571	-0.116788	-0.0147887	-0.031562	-0.0909561	-0.143945	-0.164915	-0.0444667	-0.0139154	-0.065573	-0.0409591	0.612258	-0.119182	0.189976	-0.0533829	0.169476	0.0100993	-0.0173789	-0.0254644	0.0903059	-0.0553002	-0.0849783	-0.021618	-0.0810856	-0.0300069	-0.0488501	-0.0259774	-0.0581855	-0.00474393	0.0567572	-0.0117606	-0.0682184	0.280193	-0.0338582	-0.0238045	-0.032873	-0.0206603	-0.0303847	-0.0513627	-0.0290956	-0.0485555	-0.0249979	0.0556781	-0.0374501	-0.0148563	-0.0177621	-0.0561352	0.0860633	0.0351612	-0.0216405	-0.0868889	0.184	-0.047103	-0.0711547	-0.0921799	-0.00617794	0.00671549	-0.021838	0.0874557	0.0237964	-0.0857386	-0.0133347	-0.00369504	-0.0525922	-0.0455141	-0.028002	0.0991502	0.177057	0.00985586	-0.0138155	0.119838	-0.0673991	0.00381901	-0.0693513	-0.00747688	0.0417346	-0.011715	0.0473208	0.143018	0.157939	-0.047786	-0.0203814	-0.033232	-0.0298509	-0.0229564	0.227915	0.0577954	-0.0223242	0.00392696	-0.0439789	-0.0315133	0.0145258	-0.0068475	-0.0371754	0.0744848	-0.0178441	-0.0302301	-0.0542431	-0.0199365	-0.0131547	-0.0358071	-0.0239155	0.0228368	-0.012086	0.0159357	-0.00578701	0.0130396	0.0220364	0.0346518	0.0454667	0.00108643	-0.0186762	-0.00704609	-0.00030889	-0.0152994	-0.019494	-0.0165947	-0.0231807	-0.0216367	0.0253542	-0.00978754	-0.0219062	-0.0230404	0.0224947	0.0777748	-0.0385488	-0.0189961	-0.0162678	-0.0270479	0.0124725	-0.00663986	0.0960785	-0.0290822	0.0871295	-0.036972	-0.00449326	0.00355642	0.00652271	-0.0304972	-0.0101679	0.0203771	-0.0164979	-0.00948174	-0.0294695	0.0487118	-0.00540664	0.0129236	0.0083415	-0.0329819	-0.00697631	-0.0365799	-0.0304123	0.0543084	0.00378964	-0.000882794	-0.0375628	0.0279346	-0.00708835	-0.0174261	0.0812773	0.120493	0.000897942	-0.0793834	-0.0181237	-0.0119204	0.0700558	0.00832546	-0.0290189	-0.0152838	0.0380172	0.0080219	-0.0229466	0.0519439
-0.113667	-0.166395	-0.201081	-0.29956	0.3835	-0.132503	-0.0784206	-0.496861	-0.184538	1	0.18271	0.139785	0.27309	-0.340314	-0.0907971	-0.0662836	-0.252564	0.151087	-0.0843819	0.770955	0.787134	-0.153773	0.0527737	0.613624	-0.0681916	0.141046	-0.110225	-0.090846	-0.168518	0.17099	-0.415435	-0.435794	-0.200989	0.382428	-0.178601	-0.0491294	-0.00817494	-0.0641071	-0.0206911	-0.240703	-0.15496	-0.46538	-0.0888331	-0.222627	0.114237	0.280825	-0.271342	-0.0796417	0.146399	-0.103164	-0.262904	-0.335172	-0.0646934	-0.0654322	-0.188938	-0.200069	0.434171	-0.0733149	-0.0708522	0.457111	0.00711089	-0.17809	0.402782	-0.176999	0.0326381	0.0889269	0.0500294	0.137375	0.00664801	0.0156207	-0.0927075	-0.00308245	-0.0201502	-0.00307914	-0.0903837	0.0299617	0.122797	-0.0764291	-0.0274726	-0.0379844	-0.0109677	-0.0488775	-0.0322512	0.032124	-0.0825111	0.0780826	0.0240978	-0.0184425	-0.0272578	-0.0561725	-0.0532002	0.109314	-0.0306759	0.0254056	0.07865	-0.0180232	-0.036808	-0.0142172	-0.056746	0.0290671	0.0119819	-0.0606381	-0.00889352	-0.0714523	0.0254004	-0.0151604	-0.105288	-0.0359512	0.0422877	-0.0396322	0.0813729	-0.145011	0.0332584	-0.0407255	-0.0106053	0.0104895	0.0527555	-0.132369	-0.060884	0.00695369	-0.0594691	0.0526732	-0.0670847	0.0128919	0.0763859	0.0063765	0.0936917	-0.102535	-0.0471795	0.030018	0.0141708	0.0826519	-0.00210961	-0.00396848	-0.045629	-0.0426056	0.00525136	0.0184493	-0.0380127	-0.0106093	0.0696285	-0.00601029	-0.0277374	0.0831208	-0.0731625	0.130338	0.00136036	0.0375449	-0.00445162	-0.0329989	0.059572	-0.0422431	0.016032	0.00428045	-0.0135207	0.0677998	0.0613623	-0.101226	0.00434724	0.0386162	-0.041867	0.0518001	-0.0391423	0.0447846	0.00492718	-0.0309281	-0.0189878	0.0298982	-0.0231289	-0.0681485	-0.0501871	-0.0133255	0.0972787	-0.0266638	-0.0793186	0.00711259	-0.00408814	0.115134	0.036822	0.0229497	0.0358837	0.0191044	-0.0160808	-0.0655327	-0.0253135	0.0904334	-0.0249037	0.00929423	-0.00573008	0.0317506	-0.0240626	-0.0409714	-0.0350682	-0.00949599	0.0772728	-0.0337524	-0.0452767	0.0220724	0.0178827	-0.0316424	0.0643256	-0.0166304	-0.0236323	-0.0144339	-0.00358808	-0.0265941	-0.0317131	0.0838311	0.0431743	-0.0640609	-0.0246716	-0.0373766	0.0110585	-0.00274655	-0.0234152	-0.00278822	-0.0269367	0.00798202	-0.02594	-0.0129973	-0.0359271	-0.00604738	-0.0197729
-0.0159473	-0.0319045	-0.0382317	-0.0569204	0.487276	-0.0279604	-0.00947527	-0.093185	-0.035844	0.18271	1	-0.0162226	-0.0245763	-0.0609175	-0.0101839	-0.0345233	0.171124	-0.0229592	-0.0263825	-0.0827149	-0.0884253	0.160647	-0.0263916	-0.079153	-0.0423069	0.849856	-0.00854356	-0.00913058	-0.0441577	-0.0158605	-0.0866329	-0.0991286	-0.0289257	-0.11033	-0.0310587	0.196221	-0.0314938	-0.00926254	0.242399	-0.0632848	-0.0356946	-0.116232	-0.00842076	-0.0570606	-0.0246946	-0.0446466	-0.0838134	0.146182	0.2655	0.21683	-0.0461516	-0.0626112	-0.00741186	-0.00865914	-0.0409849	0.165377	-0.0880224	-0.028633	-0.0171507	-0.0485216	-0.0270543	-0.0544207	-0.061276	0.135059	-0.0395508	-0.00839043	-0.0193084	-0.0230503	-0.0683521	0.119446	-0.0318193	-0.0629155	-0.0263644	-0.0535143	-0.0233098	-0.0298928	-0.0166505	-0.0486018	-0.0130544	-0.0310127	-0.0633906	-0.0452832	0.00212701	-0.0356519	-0.0155645	-0.0369859	-0.0176879	-0.02793	-0.0155773	-0.00176089	-0.0363537	-0.0128495	-0.0117978	-0.0334356	-0.0136503	0.209229	-0.0311767	-0.00822406	-0.0298916	-0.0220477	-0.0669829	-0.0571431	-0.033542	0.0941951	0.157742	-0.0174981	-0.0448856	-0.0308121	-0.0742435	-0.0226282	0.116847	-0.044419	0.175507	-0.034983	-0.0603778	-0.00853368	-0.0566307	-0.059603	-0.0717273	-0.0217649	0.0538984	-0.0323816	-0.0154989	-0.0342531	-0.00559642	-0.0549561	-0.0169782	-0.0310411	-0.0218963	0.207784	-0.0149571	-0.00933187	-0.0273302	-0.0293783	0.00385594	-0.023876	0.10254	-0.0196698	-0.0213833	-0.00872526	-0.00253096	0.0778694	-0.0230394	-0.00577947	-0.0493835	-0.0147217	-0.0235509	-0.0429307	-0.0113552	-0.00153315	-0.0206083	-0.0075269	0.0937203	0.0593867	7.07122e-05	0.131757	0.0847509	-0.0597758	0.0908227	-0.00384233	-0.0205924	-0.0101895	-0.0236988	-0.00984633	0.0133893	0.0178816	-0.0119377	-0.021699	-0.0169567	-0.0456733	-0.0100686	0.000481667	-0.0149169	-0.0247362	-0.036919	-0.0244142	0.10199	0.00758948	-0.0071232	0.0751777	0.206363	-0.0055554	0.0453862	-0.035887	-0.0263131	0.0813596	0.0672553	0.230899	0.00767272	-0.0211004	-0.015837	-0.00838334	-0.0117873	-0.0128978	0.0195265	-0.00663296	-0.00981801	-0.00168373	0.00267241	-0.0109815	-0.0229012	0.00197636	0.0373149	-0.0114971	0.00185808	-0.0374412	-0.0122003	0.00176022	-0.0101197	-0.025386	-0.00727748	-0.0261023	-0.045025	-0.0125046	-0.00748023	-0.00255362	0.111148	-0.024163	0.0651358	-0.0118758	0.00289732	-0.0103329	0.0500185
-0.0110555	-0.0241714	-0.0300679	-0.0452093	-0.0382164	-0.0145057	-0.00874438	-0.0644045	-0.0245637	0.139785	-0.0162226	1	-0.0215326	-0.0516476	-0.01065	-0.0220011	-0.0775928	-0.018412	-0.0139393	0.176358	0.16804	-0.0394208	0.532429	-0.0710244	-0.0387455	-0.00692102	-0.0087483	-0.00442341	-0.0345509	-0.00977718	0.104573	0.099917	-0.0364297	-0.106136	-0.0327078	-0.0113364	0.392804	-0.00592109	-0.0124781	-0.0432325	-0.029943	0.0752765	-0.0124794	-0.0505215	-0.0131942	0.0591355	0.124209	0.12247	-0.0417719	-0.0647549	-0.0471708	-0.054952	-0.0146413	-0.00235117	-0.0252234	-0.0757481	-0.029999	0.269139	-0.00400831	-0.0527267	-0.0206386	-0.0399386	-0.0122973	-0.0869608	-0.0275651	-0.0294568	0.00242416	-0.0113533	0.029895	-0.0467249	-0.0108065	0.0489869	0.00050171	0.0321477	-0.0167168	-0.00375304	-0.0178752	0.0146697	-0.00500396	-0.0239569	0.00947568	0.0198317	-0.017999	0.0766938	-0.0235758	0.0960286	-0.0086468	-0.0194006	-0.0232568	-0.00196742	-0.00998401	0.000345956	-0.0146698	0.0775877	-0.0120514	-0.015459	0.0150342	-0.025437	-0.0272506	0.0227608	0.0461344	-0.0468325	0.0290502	-0.0403306	-0.012114	0.00889837	-0.033093	-0.0174529	0.0195358	-0.0223795	0.0189161	-0.031792	-0.0157224	0.0127828	0.0158783	-0.00302046	0.0449535	-0.0353823	-0.0460644	0.010337	-0.0331661	-0.0256752	0.00420696	-0.0230379	-0.00374335	0.0172637	0.0129904	-0.035831	-0.0114828	-0.0263231	0.050332	0.0467835	-0.014897	-0.0198968	-0.00679547	-0.0250925	-0.0256265	0.0203222	-0.00965714	0.0378784	0.0396075	0.00617832	-0.0236682	0.0348047	-0.0245266	-0.00605477	0.0181585	0.0360266	-0.0192335	-0.0108635	0.0111079	-0.0135188	0.00725151	0.0174164	-0.0172338	-0.00993905	0.00298755	-0.00716643	-0.0126701	0.00650306	-0.00300778	0.00498453	0.00235081	0.0233858	-0.0197689	0.0407707	0.0139525	0.00776605	0.041373	-0.0352909	0.0035427	0.0156685	-0.00202714	0.00292826	-0.0322485	0.0292489	-0.00774021	-0.0136454	0.00178587	-0.00526401	-0.00300668	-0.00291571	0.0337731	-0.0373138	0.0424303	-0.0220791	-0.00939652	0.00027995	-0.0073254	0.040566	-0.0166483	0.0256755	-0.00641384	0.0043709	-0.00269183	0.0383189	-0.00977695	-0.0153323	-0.0125047	0.0136481	-0.0047782	-0.00722582	-0.0391807	0.0297636	-0.0128799	0.0357464	-0.012485	0.0225754	0.00971409	-0.0235097	-0.0145552	0.0050471	0.0204133	-0.0185353	-0.0231782	-0.0281144	0.00354875	0.0405437	0.000833536	-0.00756611	0.0276972	-0.0125099	-0.0198198
-0.0287018	-0.0487046	-0.0638398	-0.0894676	-0.0508204	-0.026288	-0.0316516	-0.137938	-0.0343381	0.27309	-0.0245763	-0.0215326	1	-0.082577	-0.0264554	-0.0370129	-0.156741	-0.0218067	-0.0172811	0.329564	0.314334	-0.158818	-0.0332512	0.322206	-0.0501887	-0.0230604	-0.038221	-0.0241887	-0.0677414	-0.0345107	-0.138265	-0.153725	-0.0653969	0.231312	-0.0493644	-0.123215	-0.0494203	-0.00995206	-0.114852	-0.0933197	-0.0466171	-0.177711	-0.0312974	-0.100135	-0.0247628	-0.041626	-0.114289	-0.149354	-0.0585417	-0.115516	-0.0844784	-0.109826	-0.00857379	-0.0229348	-0.0653291	-0.147382	0.250216	-0.0567349	-0.0322248	0.51444	-0.037564	-0.053022	0.322558	-0.17301	-0.0468867	0.210177	-0.0237507	0.516333	-0.0523322	0.112447	-0.0507914	-0.0520241	-0.00498996	-0.0488963	-0.0307457	-0.0217007	-0.0133828	-0.0533398	-0.0131457	-0.0422134	-0.0766837	-0.0469631	-0.0128024	-0.0346127	-0.0304521	-0.0149735	-0.0276179	-0.0303143	-0.0373995	-0.0233427	-0.0185534	-0.0210847	-0.0171805	-0.0265574	-0.0272899	-0.0368176	-0.0401253	-0.0230487	-0.0474137	-0.0167584	-0.0681233	0.158153	-0.0458024	-0.126358	-0.0857618	-0.0255093	-0.0587056	-0.0366143	0.149157	-0.0256768	-0.0813282	-0.0745041	-0.0294028	-0.0391837	-0.0977011	-0.0216579	-0.0691015	-0.0971226	0.102407	-0.00941014	-0.0969221	0.133947	-0.0135356	0.161008	-0.0357859	-0.0842127	-0.0379102	-0.0502331	-0.0181044	-0.0175961	-0.0239331	-0.0126773	-0.00102213	-0.00871187	-0.0251361	-0.00148609	-0.0452471	-0.0208821	0.0154646	-0.0230473	-0.0381052	-0.0557947	0.0395257	-0.0405932	-0.0683277	0.437088	0.216431	0.136317	-0.0204154	-0.00293316	-0.0444565	-0.024499	-0.0552763	0.0922279	-0.0176121	0.236716	0.12764	-0.0870215	-0.0417952	-0.0340078	-0.0169948	-0.0222957	-0.0148206	-0.0237792	-0.00391665	-0.0284842	-0.0417227	-0.0281768	-0.0324993	-0.0540462	-0.0365836	0.00528975	0.000346665	-0.00569949	-0.0411224	-0.0411268	-0.0161824	0.223182	-0.0336813	-0.0375369	-0.00234767	-0.0091399	-0.0708438	-0.0430111	-0.0527994	0.125253	-0.0483493	-0.0105054	-0.0170091	-0.0215942	0.0197989	-0.0390415	0.0150368	-0.00501901	0.263705	0.000989613	-0.0225701	0.00303611	0.0102165	-0.00893481	-0.0449554	-0.00342225	0.0697349	-0.0170242	0.0128942	-0.0683931	0.00144935	-0.0167101	-0.0262944	-0.0253008	0.00456214	-0.0215786	-0.0826485	-0.00711772	-0.0179544	0.143457	-0.0291925	-0.0474457	-0.0398003	-0.0100607	-0.0363891	-0.00486669	0.0887124
-0.0544227	-0.0998225	-0.132821	-0.175966	-0.124697	-0.0723991	-0.0586473	-0.302801	0.565922	-0.340314	-0.0609175	-0.0516476	-0.082577	1	-0.0554605	-0.0757234	-0.363938	-0.0584725	0.266406	-0.282985	-0.29212	-0.367484	-0.0657231	-0.276462	-0.125366	-0.0575013	-0.0775924	-0.0542069	-0.147353	-0.0870599	0.637473	0.231109	0.520105	-0.0305097	-0.0810126	-0.26482	-0.0861679	-0.0321742	0.153463	-0.195691	-0.107005	0.458839	-0.060351	0.229782	-0.0662125	-0.0983834	0.310398	0.166582	-0.142057	0.123623	0.303616	0.118813	-0.0161293	-0.0569552	-0.154861	0.00820622	-0.269585	-0.0792183	-0.0346965	-0.154385	-0.0756561	0.534713	-0.177683	0.360466	-0.0952348	0.0490701	0.0564328	-0.029717	-0.0912107	0.147827	0.144702	-0.139005	0.0438049	-0.139565	0.166031	-0.0716653	-0.0478308	-0.111795	0.0155935	0.10413	-0.018327	-0.107074	0.15872	-0.042262	-0.0535181	-0.0598852	-0.0233334	-0.0716028	-0.0563682	-0.0327535	-0.0596017	-0.0399191	0.0360859	-0.0424835	-0.0286981	-0.0391424	-0.0978209	0.0675247	0.127261	-0.0608546	-0.117405	0.227661	-0.083656	0.0507214	-0.0836147	0.0354323	0.140952	-0.0480977	-0.00887095	0.00129729	-0.108254	0.150035	-0.042878	-0.0807267	-0.00287778	-0.0512959	-0.00896939	0.196607	0.113488	0.0318508	0.109584	-0.0373615	0.106697	-0.0132389	-0.0427698	0.0644571	-0.0533699	0.122519	0.0997975	0.0939095	-0.0536747	-0.0251875	-0.0545497	-0.0406386	0.00711166	0.13419	-0.00758055	-0.0384431	0.00550412	-0.067503	-0.0753494	-0.0579144	-0.0250549	-0.0825981	0.129963	-0.0341598	-0.022819	-0.0627568	-0.0332021	-0.0244163	-0.053754	-0.0392389	0.0343533	0.00427203	0.0133788	0.0195259	0.022387	0.0287333	0.0465207	0.0147001	-0.0243613	-0.000377056	0.0571983	0.00674371	-0.010191	-0.0214044	-0.017409	-0.0322512	-0.00252509	0.0637378	-0.0125079	0.0237375	-0.0327107	0.00525304	0.11634	-0.0564888	0.0252909	-0.0538105	-0.0303091	0.0292917	-0.0131228	0.024117	-0.0124361	0.0909199	-0.0365466	-0.018665	0.0220455	0.0111723	-0.00426521	-0.0126392	-0.00838077	-0.0128736	-0.0261544	0.0378128	-0.0124003	2.24693e-05	0.0889763	-0.025115	-0.00942829	-0.0162242	-0.0442461	-0.0164574	0.0706915	-0.00196301	-0.0182342	-0.0195285	0.0488701	-0.0211015	-0.0419795	0.0950223	0.0599694	0.0401072	-0.0553718	-0.0225901	-0.0370187	0.0548677	0.0107352	-0.0381479	-0.00790441	0.0117253	-0.019332	-0.025045	0.038705
-0.00213772	-0.0270092	0.42877	0.298039	-0.0284794	-0.0178648	-0.0164558	-0.0702388	-0.0327135	-0.0907971	-0.0101839	-0.01065	-0.0264554	-0.0554605	1	-0.0306004	-0.0812204	-0.0223744	-0.0141621	-0.077911	-0.0484435	-0.0881428	-0.0183743	-0.0363575	-0.0297867	-0.0104145	-0.012343	0.77148	-0.0335333	-0.0265846	0.125683	0.123314	-0.0419318	-0.0692893	-0.026185	-0.0720113	-0.0231427	-0.0165319	-0.0597848	-0.0598068	-0.0328507	0.131727	-0.00994973	-0.0127729	0.107613	-0.0209242	0.192392	0.155376	-0.024181	-0.0635127	-0.0519971	-0.0549513	-0.0103524	-0.0155079	-0.0126772	-0.0667423	-0.0891549	-0.0201707	-0.0167075	-0.041132	-0.021826	-0.0306144	-0.0347791	-0.0753031	-0.0181722	0.0716713	-0.0200243	-0.00763031	0.0290459	0.00922876	0.0577556	-0.0286157	-0.0101783	-0.0188299	0.0306438	-0.0210811	-0.0131608	-0.00309495	-0.00539318	-0.0231879	0.00965042	-0.00384379	-0.0208254	-0.00327329	0.00995605	-0.00109995	0.159683	-0.0354371	-0.0157732	-0.0129179	0.00585172	-0.0135964	-0.0198694	-0.00674261	-0.0123447	-0.00604468	-0.00820409	-0.0148462	-0.0225448	-0.0234351	0.029229	-0.0328633	0.00107014	-0.00472865	0.0267374	-0.00773808	-0.0308459	0.00683551	0.0164155	-0.0260509	0.00988755	0.0268135	-0.0136885	0.0087462	0.00138726	-0.00540639	-0.00370654	-0.0165891	0.0396141	0.00886706	0.00137466	0.0296868	-0.0162856	0.0422313	-0.0125108	-0.0213076	-0.0010905	-0.0184268	-0.00581578	-0.0238372	-0.0212545	-0.00313058	-0.00515345	0.00682438	-0.0202841	-0.015329	0.00329984	-0.00532845	-0.0143886	-0.0288494	-0.0205358	-0.0188608	-0.0236929	-0.0255908	-0.0114543	-0.00718537	0.0186048	-0.00119992	-0.0201995	-0.01129	-0.0232595	-0.0209377	-0.0135043	-0.00577835	-0.0012617	-0.00249676	-0.0128528	0.0260345	-0.000569347	-0.00863216	-0.00323042	-0.0205977	-0.00499801	0.00553735	0.00414212	-0.0155039	-0.00941618	-0.0233994	0.0188715	-0.0340161	-0.00786518	-0.00110841	-0.00720381	0.0342492	-0.0252715	-0.00135377	-0.00270457	-0.00234353	-0.0111813	-0.0107779	0.0138089	0.0656967	0.0205938	0.0139599	0.0249661	-0.000168	0.00139812	0.0361528	0.0341825	0.000478239	-0.0228677	0.0185705	0.0103772	-0.00859322	0.0470429	-0.00223947	-0.00667575	-0.011044	-0.00240137	-0.00654712	-0.018649	0.015509	-0.00683236	-0.0193544	-0.0135231	0.00813232	-0.013185	0.00605232	-0.0156089	-0.0215709	0.00285987	-0.00498862	-0.00136393	0.0112508	-0.0232837	0.0325249	-0.00601186	-0.00203307	-0.00245064	-0.0258845	-0.0122116	0.00176062	0.024072
-0.0273012	-0.0388657	-0.0525524	-0.0729738	0.0590387	-0.0398	-0.0274087	0.157922	-0.0374982	-0.0662836	-0.0345233	-0.0220011	-0.0370129	-0.0757234	-0.0306004	1	0.213939	-0.0218898	-0.0291549	-0.103143	-0.108269	0.209608	-0.0258737	-0.10248	-0.0505343	-0.0391465	-0.0233576	-0.0349112	0.580998	-0.0242414	-0.113067	0.217756	-0.0354491	0.207059	-0.0382039	-0.113944	-0.0326712	-0.0133335	0.223749	-0.0771114	-0.0415609	0.122585	-0.0155669	0.286814	-0.0207141	-0.0413454	-0.0972253	-0.132474	-0.0516041	0.187328	0.122388	0.0533086	-0.00353943	-0.00539523	-0.0493967	0.135767	-0.0533962	-0.014372	-0.0248329	0.00301592	-0.0182798	-0.0598617	0.0019054	0.0838264	-0.0205746	-0.0105768	0.0178926	-0.0239872	-0.0343479	0.0872059	0.00830205	-0.0526451	0.00376745	-0.0551104	-0.00837123	-0.0197549	-0.0134092	-0.039224	0.135091	-0.0159787	-0.0273248	-0.0348453	-0.0125538	-0.00848213	-0.0258826	-0.00808575	-0.0314995	-0.00340847	-0.0408383	-0.0149631	-0.0318648	-0.00935313	0.0454643	-0.00445881	-0.0219747	0.00597352	-0.0191267	-0.0254041	-0.0354147	-0.0290411	-0.0439474	-0.0401835	-0.0133163	0.0808268	0.0931995	0.102768	-0.0209691	0.00877204	-0.0627592	0.0160373	0.0973916	-0.0570666	-0.014496	-0.0161105	-0.00894471	-0.0149328	0.0176397	-0.00148082	0.0375831	-0.00865874	-0.0103801	0.0250723	-0.00302242	0.0517928	-0.0409455	-0.0494662	-0.0221399	-0.0512874	-0.0233687	0.041378	0.144971	0.00385862	0.0246015	-0.0111023	0.0206613	-0.0109627	0.0103099	-0.0117436	-0.00551792	-0.0136095	0.0622434	-0.00106383	-0.00394702	0.0599358	-0.0140775	-0.0241785	-0.0489669	-0.0309424	0.175539	-0.00987207	0.00560255	0.32853	0.000246166	0.0357034	0.00976649	0.00645277	-0.0122329	0.0129338	0.020476	-0.0152506	-0.00630847	-0.0215212	-0.0168889	-0.0080861	0.0195337	-0.0298624	-0.0274029	0.153645	-0.0311798	0.0380632	-0.0261033	-0.0216188	-0.000685417	-0.00634706	-0.0436167	-0.00639889	0.0132913	-0.0354526	0.00235391	0.00408298	0.0546085	-0.00469981	-0.0158117	-0.0502653	-0.0311521	-0.0193444	0.00236238	-0.00836687	-0.00304526	0.00681337	1.60042e-05	-0.0326243	-0.0106021	-0.0407224	-0.0251864	0.0225831	-0.0231435	-0.00993568	-0.0270799	0.015876	0.0809485	0.000181109	-0.0330669	0.0844774	-0.025412	-0.0194712	-0.0123267	-0.0076151	-0.00966754	-0.0351732	-0.00334543	-0.0245997	0.0542358	-0.00787311	0.238152	-0.0507651	0.0173023	-0.0116991	-0.00637093	-0.0167441	-0.0206559	-0.00197199	-0.0405813
0.158721	0.249023	-0.215756	-0.315017	0.346696	0.212728	-0.103935	0.802614	-0.207654	-0.252564	0.171124	-0.0775928	-0.156741	-0.363938	-0.0812204	0.213939	1	-0.0976493	-0.0914788	-0.478081	-0.498229	0.846324	-0.136108	-0.354093	0.217327	0.123597	0.205259	-0.0772276	0.353972	-0.132843	-0.524866	-0.135947	-0.187614	-0.291429	-0.160217	0.635577	-0.17367	0.124422	0.264598	0.441731	0.222736	-0.285336	0.145536	0.0504611	-0.115036	0.23687	-0.429257	-0.163182	0.273455	0.266149	0.0508506	0.265104	0.101936	0.12571	0.312583	0.429531	-0.0600069	-0.176934	-0.0916725	-0.241249	0.0918185	-0.189064	-0.0954282	0.061855	0.105961	-0.144502	-0.0534242	-0.0924422	-0.044977	-0.0655695	-0.0989885	0.151825	-0.00394448	0.151736	-0.0824779	-0.100074	0.118108	0.134139	-0.00757679	-0.0682003	-0.0704758	0.0917128	-0.0530832	-0.0306899	0.135481	-0.0210035	-0.0268499	-0.00768682	0.0726407	0.0623794	0.0598763	0.126693	-0.000907745	-0.0255929	-0.0629427	0.103896	0.122219	-0.0533895	-0.072261	0.10877	0.00428347	-0.136959	0.0656692	0.0062175	0.062798	-0.0234938	-0.0594607	0.0807741	-0.0750225	-0.011906	0.0908304	-0.0895379	0.149946	0.111565	-0.0333744	0.00809143	0.0307738	-0.0780125	-0.111917	-0.0363703	0.0083981	-0.0789275	-0.0708572	-0.0766912	-0.0313111	-0.0727649	-0.0245094	-0.0267182	-0.0198768	-0.00225122	0.0355912	0.0718894	-0.000369899	0.0396726	0.00017668	-0.0425491	0.0667953	-0.0162149	-0.0780608	0.0919121	0.00468401	0.126926	0.0704163	-0.00541127	-0.0545829	-0.0770602	-0.0430388	-0.0126338	-0.000151754	0.0651491	0.024131	0.0850469	-0.00193278	-0.0355878	-0.0338873	-0.0452559	-0.0286291	-0.00134994	-0.0454557	-0.0479052	0.0727061	-0.052466	-0.0558332	0.0391809	-0.0307576	0.0334053	0.0200142	0.0252319	0.00937223	-0.00840189	0.0550281	-0.0253812	0.0717842	-0.0518636	-0.0339192	0.0625601	0.00867977	-0.00739865	-0.0253673	-0.0302728	0.0369143	-0.04535	0.0299869	-0.055217	0.0637125	-0.0284899	-0.00382178	0.0512437	0.0172855	0.0144458	0.070238	0.0188836	0.0550263	-0.0231035	-0.0493784	0.0143487	-0.054143	0.0438663	0.00827946	-0.0101863	-0.00263023	-0.020895	-0.0350646	-0.00752164	0.00526967	0.031698	0.00253818	0.0343762	0.0233376	-0.0283138	-0.0299699	-0.0353332	0.0279465	0.00313798	0.0586272	-0.081321	0.0517814	0.0405295	0.0491845	0.0289198	0.052253	0.039707	-0.018253
