1	-0.0182951	-0.0205332	-0.0178169	-0.0120343	0.235059	-0.0113342	-0.0519706	-0.0359242	-0.0286466	-0.0233836	-0.0215003	-0.021747	0.62191	-0.022028	-0.014392	-0.0163444	-0.0205216	-0.0288507	-0.0506829	-0.0254647	-0.0284829	-0.00351941	-0.0323474	-0.000598649	-0.11063	-0.0356338	-0.0233193	0.186528	-0.0215529	-0.0342509	-0.0010563	-0.0237393	-0.0270182	-0.00397601	-0.00210783	-0.111395	-0.00881762	-0.0168486	-0.0116081	0.142949	-0.0172182	-0.0223575	0.207355	-0.10596	0.11958	-0.0315715	-0.118831	-0.0109556	0.259196	-0.0230537	-0.0745673	-0.00999372	0.228712	0.0475584	-0.0124505	-0.0212116	0.126436	-0.0198173	-0.0414417	0.0574065	-0.0164781	0.402464	-0.0855511	-0.0876352	-0.0135372	-0.0156715	0.244538	-0.0152083	0.196098	0.142468	0.11805	-0.0223575	-0.0311461	0.0677911	-0.0600478	-0.00839447	-0.0163932	-0.0513287	0.00468613	0.0971355	-0.0158423	-0.000168507	0.12678	0.0150035	0.0286322	-0.0261152	-0.0208294	-0.0265519	-0.0373373	-0.0346146	0.00310287	0.026008	-0.019181	0.0358	0.0114009	-0.0226662	0.00768279	-0.0287165	-0.0134361	0.00686617	-0.00581239	-0.00292376	-0.0103777	-0.000637631	0.0132397	-0.0143061	-0.0264898	0.0456471	0.0261088	0.0012581	0.0611349	-0.0195268	-0.0174198	-0.00858094	-0.0134993	-0.00697103	-0.00143854	-0.00877227	-0.0100521	0.00748631	-0.00808633
-0.0182951	1	-0.0196093	-0.0250344	-0.0054309	-0.0946356	-0.0119292	-0.0468424	-0.0315644	-0.0183496	-0.0220011	-0.0395229	-0.0151358	-0.0203294	-0.0148845	-0.0149005	-0.0160343	-0.0207006	-0.0189468	-0.0597508	-0.0304534	-0.0304501	-0.0187301	-0.0209795	-0.0218796	0.115008	-0.0289663	-0.0363336	0.0691894	-0.0168861	0.166446	-0.02161	-0.00954134	0.211775	-0.0246987	-0.0234844	-0.128434	-0.0101432	-0.0239544	-0.0255779	-0.135391	-0.0274142	-0.0184735	0.0214183	0.107128	-0.0110502	-0.0402101	0.0505644	-0.0181512	0.0371463	-0.0227483	-0.0765709	-0.0318104	-0.0247093	-0.0757093	-0.0228469	0.176762	-0.0587875	-0.0179392	-0.0434944	-0.037919	-0.028911	-0.0225849	0.0208946	0.0182384	-0.0141614	-0.0192153	-0.0376349	-0.0280702	-0.0433673	-0.0447632	-0.0350929	-0.0136517	-0.0272071	-0.023583	0.0119585	-0.0210029	0.0408632	0.175916	-0.0226023	-0.0564171	-0.0153357	-0.0297514	-0.00833286	0.0516437	0.0594987	0.0465233	-0.0272189	-0.0180409	-0.0121418	0.0336883	-0.00935089	-0.0123968	-0.0194711	-0.0508221	-0.0317954	-0.0120138	0.0314794	-0.0249005	0.000118061	-0.0279766	-0.0617418	-0.0258786	-0.00648119	-0.044669	-0.0202102	0.00617497	-0.023096	0.0121592	-0.0828815	-0.0141578	0.160824	-0.0185776	-0.0344872	-0.0274819	-0.0772873	-0.0174472	-0.0120375	-0.0912434	-0.0466907	-0.021136	-0.0471181
-0.0205332	-0.0196093	1	-0.0277536	-0.0296825	-0.110246	-0.0154348	0.445802	-0.0373217	-0.023218	-0.0225934	-0.0432419	-0.0251501	-0.00724034	-0.0304236	-0.011946	-0.0268351	-0.0309379	-0.0265678	-0.0725011	-0.0254951	-0.0189166	-0.00433325	-0.0328043	-0.0254173	-0.101826	-0.0212732	-0.0370472	-0.14375	-0.0260237	-0.0333675	-0.0191082	0.601934	-0.0263449	-0.0245921	-0.0258073	0.180063	0.400886	-0.0275357	0.14332	0.0920297	-0.0280102	-0.018885	-0.0973853	-0.100793	-0.022174	-0.0504818	-0.13784	-0.0312672	-0.05825	-0.0162775	0.214616	-0.0251804	-0.0225751	0.205796	-0.016294	-0.0263607	-0.0556236	-0.0306226	0.0711547	-0.0305037	0.191717	-0.0196675	-0.0557497	-0.0611008	-0.0209991	-0.0228036	-0.0310479	-0.0255676	-0.0455553	-0.0219707	-0.00696406	-0.0247276	-0.0280452	-0.0195983	0.0740333	-0.0141761	-0.0655766	-0.0509166	-0.0273741	0.0227369	-0.029702	0.113683	-0.000467209	-0.0500666	-0.0817073	-0.0408136	-0.0288896	-0.0117625	0.0119557	-0.0179761	-0.0226647	0.00488584	0.31575	0.0391924	0.0938663	-0.0286933	-0.0171905	-0.00413516	-0.0235919	-0.0297985	0.0338055	-0.0258027	-0.0103801	0.0192136	-0.0401277	-0.0253664	-0.0311755	-0.0143193	0.0608112	-0.0237025	-0.0374803	-0.028117	0.0512191	0.0145691	0.0728819	-0.0266223	0.000207519	0.0310585	0.011834	0.13379	0.0560691
-0.0178169	-0.0250344	-0.0277536	1	-0.0153256	-0.0668783	-0.00983241	-0.0639965	-0.0192349	-0.020017	-0.00598456	-0.0309371	-0.0241792	-0.0234117	-0.0101755	-0.0206803	-0.0128256	-0.00889268	-0.0206214	-0.0401773	-0.0233975	-0.03416	-0.0157345	-0.0131795	0.00506073	-0.0969105	-0.0126096	-0.0324573	-0.105764	-0.0173805	-0.0175375	-0.0174193	-0.0212663	-0.0126095	-0.0293768	-0.0225119	0.147019	-0.0116532	-0.0181071	0.639188	0.133562	-0.0138545	-0.0200062	-0.0593736	-0.101152	-0.00177396	-0.0256296	-0.125196	-0.0225213	-0.0478557	0.00590626	0.187718	-0.0320842	-0.00995061	-0.0517538	-0.0167558	-0.0250802	-0.0497157	-0.0188832	-0.0422603	-0.0260288	-0.0213992	-0.0143051	0.0980541	0.0939862	-0.00153674	-0.0108431	-0.0357527	0.716855	-0.0410606	-0.0359706	-0.0248971	-0.017372	-0.027139	-0.0160689	-0.0707698	-0.013775	0.0842271	-0.0317224	-0.00538029	-0.041977	-0.00824742	-0.0189815	-0.0229669	0.0715454	0.0783548	-0.0202551	-0.0177192	0.0114401	-0.050632	-0.0239962	-0.010234	-0.0157694	-0.0184552	-0.0213695	-0.0073654	-0.00837127	-0.0100393	-0.0211774	-0.00438294	0.163337	-0.0225904	-0.0141251	-0.00189718	-0.0258258	0.0020834	-0.013808	-0.0126147	0.197896	-0.03934	-0.0200413	-0.029357	-0.0139868	-0.0141003	-0.0206881	-0.0338179	-0.0153549	-0.00775803	0.0794281	-0.0240347	-0.0126065	-0.0184137
-0.0120343	-0.0054309	-0.0296825	-0.0153256	1	0.180121	-0.0012263	-0.0483441	-0.0300271	-0.0245807	-0.0230039	-0.00803424	-0.0150565	-0.00919661	-0.0329441	-0.00528195	0.558546	-0.028978	-0.0243531	-0.0355128	-0.0152804	-0.0105465	0.00593137	-0.0287448	-0.00294535	-0.074669	-0.0196102	-0.0235456	0.116394	-0.0206058	-0.0231827	-0.015099	-0.0182901	-0.0294581	-0.0148977	-0.0221472	-0.0895861	-0.0135944	0.0210632	-0.0109308	-0.0610994	-0.00558507	-0.00500804	0.168497	-0.0681786	0.0258574	0.0326489	0.0713335	-0.0226481	0.00310088	-0.00704377	-0.0679536	-0.0183481	-0.0211719	-0.072535	-0.0210505	-0.0169759	0.272022	-0.0149921	-0.0357213	-0.0260525	-0.0227836	-0.019697	0.094832	0.0906717	-0.0187506	-0.0153356	-0.034398	-0.00911805	-0.034068	-0.0268916	-0.00864176	-0.0134618	-0.00843192	-0.0199151	0.0451924	0.389196	-0.0159135	-0.0194727	-0.0150376	-0.0345109	0.426567	-0.018837	0.0703624	-0.0402665	-0.0327953	0.00911796	0.126916	-0.0136003	0.0315772	-0.0309588	-0.0189023	-0.00672669	-0.0185914	0.0183786	-0.0205166	-0.00494357	-0.0164227	-0.0192601	-0.014137	0.0513421	-0.0323848	0.0112645	-0.0148099	-0.0284171	0.0275843	-0.0121296	0.00498302	-0.0254594	-0.00748805	-0.0261216	0.00525228	0.0904907	-0.0133147	-0.0158829	-0.0473477	0.0718975	-0.0177461	0.0223882	-0.0241404	-0.0168336	-0.0315664
0.235059	-0.0946356	-0.110246	-0.0668783	0.180121	1	0.186571	-0.219303	0.386675	-0.111345	-0.080731	-0.135054	-0.0957991	0.168507	0.262534	0.173814	0.174686	0.246301	-0.10482	0.659451	-0.121252	-0.108768	0.169982	-0.0893895	0.181445	-0.446704	-0.0567448	-0.126533	0.693514	-0.10413	0.291896	0.184452	-0.0719998	0.20173	-0.0821535	0.0275001	-0.45499	-0.0727783	0.194206	-0.0551093	-0.186482	-0.0746841	-0.102689	0.832274	-0.365596	0.255437	0.421899	-0.0687892	-0.103448	0.478718	-0.0802011	-0.298656	-0.129827	0.16438	-0.133382	-0.0552063	0.211865	0.349731	-0.0392559	0.0804745	-0.00114291	0.0914574	0.14374	0.0156647	0.0499891	0.153542	0.152565	0.00635429	-0.0482773	-0.0397501	-0.00873205	-0.0128149	0.218858	-0.0052742	-0.0340989	-0.0230458	0.14659	0.0780451	0.060411	-0.035718	0.0187758	0.138257	0.0663662	-0.00786995	0.025176	0.0221275	0.0237575	0.0154476	0.0592022	0.0237914	-0.003446	-0.0494211	-0.0277653	-0.0542592	0.013317	-0.0177296	-0.0625963	0.0105553	-0.0859505	0.102418	0.132219	-0.0428338	-0.0532194	0.0516222	-0.0314552	-0.00943893	0.178604	-0.000350581	-0.0530478	-0.00978633	-0.0150601	-0.0374243	0.0111965	-0.0369201	0.0237586	-0.077128	0.0114785	-0.0297031	0.0474485	-0.0205963	-0.017148	-0.0658273
-0.0113342	-0.0119292	-0.0154348	-0.00983241	-0.0012263	0.186571	1	-0.0444029	0.459102	-0.0269058	-0.0169753	-0.0347953	-0.0207453	-0.0155192	-0.0172692	-0.0163001	-0.00780699	-0.0215729	-0.0233057	-0.0440344	-0.0212979	-0.0276723	-0.0117283	-0.00726439	-0.0235289	-0.0840029	-0.0140705	-0.0199656	0.155189	-0.019908	0.424501	0.000233884	-0.0078283	-0.0169224	-0.0143647	-0.0131615	-0.0921816	-0.0152103	-0.0247811	-0.000291275	-0.0322746	-0.0215413	-0.0247278	0.159669	-0.0788672	0.135916	-0.0375321	-0.0399294	-0.019714	0.116635	-0.0193019	-0.0391849	-0.0304636	-0.00348571	-0.0458608	-0.0173502	0.245724	-0.0280698	-0.0100898	-0.0355491	-0.0108883	-0.0223445	-0.00895784	0.0320331	0.0281188	-0.0114618	-0.0130497	-0.0409503	-0.0113026	-0.0334014	-0.0345397	-0.0136509	-0.0195349	0.116981	-0.0254385	0.0524337	-0.0134449	-0.0742352	-0.019461	-0.013636	0.0465321	0.00192635	0.000598148	0.0670202	-0.0784151	-0.0736492	0.106906	-0.0137193	-0.00417841	0.0404674	-0.0219949	-0.0194233	-0.0162126	-0.010722	-0.0240376	-0.0121489	-0.0259875	-0.0136415	-0.0199876	-0.0159919	-0.0262539	-0.0249496	-0.00335859	0.00442503	-0.0158151	0.0881712	-0.0185298	0.124547	-0.0342573	-0.0366597	-0.0249637	-0.0186944	-0.0217893	-0.00976067	-0.00510265	-0.0364589	-0.0138386	-0.0234345	-0.0491697	-0.0145401	-0.0147468	-0.0261728
-0.0519706	-0.0468424	0.445802	-0.0639965	-0.0483441	-0.219303	-0.0444029	1	-0.094177	-0.0460053	-0.0462343	-0.0921882	-0.06298	-0.0330223	-0.0521135	-0.0276939	-0.0396647	-0.0570649	-0.048796	-0.141924	-0.0757449	0.515854	-0.0313593	-0.0715045	-0.0445141	-0.264274	-0.0507032	-0.0807796	-0.325248	-0.0682513	-0.0833373	-0.0405463	0.246431	-0.0653391	-0.0467629	-0.0575637	0.414872	0.166989	-0.0555257	0.032132	0.122991	-0.0572591	-0.056434	-0.188293	-0.101903	-0.0368348	-0.0971386	-0.172681	-0.0529438	-0.0516689	-0.0400381	0.214118	0.222386	-0.0145154	0.214793	-0.0405085	-0.0625109	-0.0426468	0.0207335	-0.0359913	-0.0606108	0.0574897	-0.0255316	0.134499	0.12087	-0.0435538	-0.0353128	-0.0590659	-0.0189381	-0.0764059	-0.0656057	-0.0355229	-0.0344012	-0.0601778	-0.0470418	-0.0323547	-0.0420273	0.0426017	-0.0740055	-0.0480343	-0.0374527	-0.0368292	0.0465983	-0.034315	0.0149629	0.00648397	-0.081927	-0.0515093	-0.0267485	-0.0519572	-0.0442804	-0.0431932	-0.011274	0.123561	0.0263001	0.154457	-0.0576284	-0.00778861	-0.0166267	-0.0319046	0.0138708	0.0468322	-0.0611716	-0.0253162	0.0683408	-0.0491313	-0.0255266	-0.0655196	0.180285	0.0592073	0.220221	-0.0484929	-0.0457999	0.00575409	0.0759255	0.106622	-0.038541	0.124714	0.0478855	-0.0207459	0.202488	0.0768834
-0.0359242	-0.0315644	-0.0373217	-0.0192349	-0.0300271	0.386675	0.459102	-0.094177	1	-0.0452026	-0.0273137	-0.0469065	-0.042037	-0.0297065	-0.042871	-0.0254943	-0.020798	0.580968	-0.0439738	-0.106478	-0.0469395	-0.0536481	-0.0279492	-0.0322171	-0.0246403	-0.177319	-0.0369307	-0.0482132	0.282584	-0.0450516	0.806385	0.157623	-0.0329299	0.570265	-0.0374245	-0.0260454	-0.170283	-0.0287924	-0.0332352	-0.0186544	-0.117616	-0.020973	-0.0484919	0.310563	-0.153772	0.145727	-0.0663114	-0.129398	-0.042164	0.305137	-0.0301474	-0.0899784	-0.0660839	-0.0282678	-0.0927929	-0.0228143	0.553041	-0.0223836	-0.0355099	-0.0645224	-0.0475354	-0.0424473	-0.0257263	-0.0393177	-0.0470843	0.376542	-0.0334078	-0.0657892	-0.0172003	-0.0736837	0.0215994	-0.0476739	-0.0260822	0.116889	-0.0330858	0.0762899	-0.0271503	-0.126942	0.00278171	0.0501854	0.0657918	-0.0134413	-0.0166792	0.00530739	-0.110051	-0.0999621	0.204771	-0.0206891	-0.0358106	0.103568	-0.0652982	-0.000742066	0.00832377	-0.0185729	-0.0181526	-0.0170358	-0.00575896	-0.0204673	-0.0463252	-0.0378125	-0.0565277	-0.0129555	0.0236037	0.177241	0.0284604	0.0294874	-0.0263309	0.137495	-0.0500601	-0.0210229	-0.0110526	-0.026618	-0.0105432	-0.0439358	-0.0146368	-0.027361	-0.011779	-0.0215317	-0.0707285	-0.0288442	-0.0178626	-0.0237654
-0.0286466	-0.0183496	-0.023218	-0.020017	-0.0245807	-0.111345	-0.0269058	-0.0460053	-0.0452026	1	-0.0246776	-0.0356318	-0.0282147	-0.0165993	-0.0359931	-0.0295297	-0.0119019	-0.0270581	0.921168	-0.0759109	-0.0262742	-0.0127432	-0.0240933	-0.0231459	-0.0209924	0.22239	-0.028545	-0.0399915	-0.0149137	-0.0255386	-0.0445625	-0.00348996	-0.0155107	-0.0341989	-0.0321494	-0.0189491	-0.00368242	-0.0219004	-0.03506	-0.0102379	-0.140126	-0.0196531	-0.0172657	-0.103601	0.222738	-0.031507	-0.0493142	0.165932	-0.0269479	-0.0829453	-0.0285528	-0.0989071	-0.0247461	-0.0219859	-0.110728	-0.0114524	-0.0421582	-0.0558179	-0.0341802	0.36052	-0.0374372	-0.0325081	-0.0249538	-0.11107	-0.11665	-0.0169004	-0.0248712	0.393689	-0.0140812	0.318477	-0.0476144	-0.0330621	-0.0207455	-0.035895	-0.0159739	-0.0528396	-0.0175914	-0.112711	-0.026844	-0.0132917	0.226995	-0.0147434	-0.0314564	0.367915	-0.110659	-0.0949692	-0.0428163	-0.0155116	-0.0198651	-0.0643361	0.415378	-0.0184034	-0.0089565	-0.0102565	0.222278	-0.00857437	-0.0234247	-0.0230712	0.531743	-0.015495	-0.0439535	-0.0262216	-0.03176	-0.00918199	-0.0141225	-0.0252416	-0.0175275	-0.0293014	-0.0427845	0.176137	-0.0189197	-0.0338233	-0.0124242	-0.021632	-0.0379665	0.231607	-0.0119511	-0.00620252	0.125932	0.255349	-0.0104645	0.338012
-0.0233836	-0.0220011	-0.0225934	-0.00598456	-0.0230039	-0.080731	-0.0169753	-0.0462343	-0.0273137	-0.0246776	1	-0.0373152	-0.012617	-0.012038	-0.0221626	-0.0240528	-0.012434	-0.0219752	-0.0201234	-0.0553188	-0.0273043	-0.0121996	-0.0156908	-0.023373	-0.0185227	-0.0914794	0.728811	-0.0119876	-0.115711	-0.0292264	-0.0257144	-0.0207331	-0.0166133	-0.0186718	-0.00687602	-0.0219975	0.154086	-0.0114872	-0.0254477	-0.0138445	0.150288	-0.0215231	-0.0143054	-0.0733259	-0.0972345	-0.0222572	-0.032584	-0.114603	-0.0197234	-0.0603844	-0.0128975	-0.069025	-0.0271986	-0.0164949	0.162279	-0.012376	-0.0323894	-0.0456003	0.624608	-0.0390148	-0.035699	-0.0137104	-0.00709296	-0.105311	-0.108404	-0.00861344	-0.0105803	-0.0328387	-0.00620072	-0.0404931	-0.0339912	-0.0171834	-0.0194723	-0.00599515	-0.015781	0.113666	-0.0225259	-0.0817879	-0.0379296	0.0107968	-0.0288556	-0.0162165	0.0142044	-0.0370424	0.0116938	0.0119666	-0.0379236	-0.0203536	-0.0068639	0.0163838	-0.025881	-0.0143268	0.024643	-0.00393902	0.0633757	0.0170775	-0.0176962	-0.00257024	-0.0208117	-0.014216	-0.039685	0.00609454	-0.020108	-0.0148813	-0.00893945	0.00685713	-0.0159649	-0.0186131	-0.0197967	0.0666563	-0.0165799	-0.0325025	-0.035993	0.0203051	0.131577	-0.0153922	-0.0223249	0.00814162	0.0340094	0.0894203	-0.00898601	-0.0241743
-0.0215003	-0.0395229	-0.0432419	-0.0309371	-0.00803424	-0.135054	-0.0347953	-0.0921882	-0.0469065	-0.0356318	-0.0373152	1	-0.0406234	-0.00494108	-0.0421241	-0.0207245	-0.0262757	-0.0338276	-0.0302919	-0.0982814	-0.0503082	-0.0359492	-0.0151393	-0.0544463	-0.0301095	-0.181181	-0.0551768	-0.0641482	-0.214433	-0.0452832	-0.0559192	-0.0117038	-0.0208613	-0.0471497	-0.0372517	-0.0225954	0.285022	-0.035787	-0.0414346	-0.0182909	0.290028	0.67262	-0.0440054	-0.123555	-0.182611	-0.0227208	-0.0632321	-0.223578	-0.0517136	-0.0890039	-0.0346711	0.331995	-0.0546007	-0.0241023	0.304216	-0.0216553	-0.051647	-0.0514863	-0.0451889	-0.0775837	-0.0515301	-0.0386847	-0.00800574	-0.17494	-0.198302	-0.0271885	-0.0248634	-0.0520141	-0.0315143	-0.0706623	-0.0368617	-0.0576568	-0.0422658	-0.0418121	-0.0270475	0.264499	-0.0079972	-0.188095	-0.0679688	-0.0138543	-0.0870393	-0.0189764	-0.040422	-0.0483997	-0.143758	-0.120486	0.467809	-0.0195653	-0.030338	0.192943	-0.0475265	-0.0339776	-0.0206257	-0.0166243	-0.0796651	-0.0338128	0.498	-0.0424418	-0.0312769	-0.0190336	-0.0711188	-0.0440189	-0.0372428	-0.00597323	-0.029651	-0.0432659	-0.0273747	0.380154	0.0353025	-0.0928142	-0.0258805	0.0414875	-0.0336237	-0.0243795	-0.0408346	-0.0621155	-0.015641	-0.00663338	-0.123748	-0.054496	-0.0176443	-0.0428617
-0.021747	-0.0151358	-0.0251501	-0.0241792	-0.0150565	-0.0957991	-0.0207453	-0.06298	-0.042037	-0.0282147	-0.012617	-0.0406234	1	-0.0160921	-0.0264125	-0.0173444	-0.0155681	-0.0222199	-0.0250301	-0.0623444	-0.0269163	-0.0231323	-0.0179491	-0.0238183	-0.017782	0.220449	-0.0252015	-0.0410324	0.119895	0.747601	-0.0368717	-0.0146295	-0.0129998	-0.0299472	-0.0136128	-0.0195396	-0.126564	-0.0118503	-0.0276495	-0.0247787	-0.12592	-0.0265739	-0.0140399	-0.0784162	0.19511	-0.0199262	-0.0389151	0.149107	-0.0212053	-0.0571344	-0.0315436	-0.10809	-0.0313872	-0.0182371	-0.102208	-0.00430048	-0.0324105	-0.0369513	-0.0267727	-0.0440586	-0.0327272	-0.0185458	-0.018461	-0.0956633	-0.0975808	-0.0197068	-0.00253895	-0.0267766	-0.00682431	-0.0395798	-0.024839	-0.0215653	-0.0312236	0.492172	-0.00824682	0.0741524	-0.00228715	-0.101319	-0.0544026	0.0286018	0.0577164	-0.0150429	0.052447	0.0554267	-0.092975	-0.0790793	-0.0377951	0.00235497	-0.0143272	0.0699515	-0.028025	-0.0179724	-0.0219186	-0.0106101	-0.0389597	-0.0311635	-0.0195208	-0.00402903	-0.0354582	-0.00174955	-0.0393616	-0.0038891	-0.0105295	-0.00941407	0.0053339	0.338685	-0.0278364	-0.0222725	-0.0305008	-0.0314885	-0.00380778	-0.0274578	-0.0134725	0.00265102	-0.00749216	-0.0359928	-0.0072514	-0.0115871	-0.0603323	-0.0304236	-0.0297783	-0.0433525
0.62191	-0.0203294	-0.00724034	-0.0234117	-0.00919661	0.168507	-0.0155192	-0.0330223	-0.0297065	-0.0165993	-0.012038	-0.00494108	-0.0160921	1	-0.0217169	-0.0152908	-0.00702806	-0.0139403	-0.0188334	-0.0442677	-0.0342875	-0.0169099	-0.00588921	-0.0205497	0.00969184	-0.0863347	-0.0206796	-0.0157306	0.132642	-0.0183861	-0.0312705	0.00971487	-0.00695306	-0.0228704	-0.00649606	-0.00442766	-0.0706015	-0.00949072	-0.00216856	-0.0115404	0.12676	-0.0096545	-0.00676464	0.163921	-0.0799932	0.0798469	-0.0254942	-0.0989295	-0.0181969	0.201198	-0.0114052	-0.056017	0.0184127	-0.010081	-0.0505286	-0.0164149	-0.0235798	0.225165	-0.0218063	-0.0227199	-0.0231598	-0.0122851	0.504834	-0.0698017	-0.0710844	-0.0190428	-0.00793083	0.282583	-0.0181247	0.226272	0.0190631	-0.0261451	-0.009338	-0.0178849	0.111953	-0.0477885	-0.00531001	0.0340148	-0.0340552	0.00443909	0.0106246	-0.00160196	-0.0138494	-0.0212555	0.0722871	0.0688388	-0.00955495	-0.018824	-0.0210534	-0.0438244	-0.0269185	-0.0172824	-0.00131349	-0.00945057	-0.0253537	0.0092417	-0.00784515	0.0259488	-0.0209927	-0.0110671	0.0682086	-0.00862387	-0.0169839	-0.0101972	-0.0033349	0.00654713	0.00550209	-0.0120674	0.0840916	-0.0266601	0.00197526	-0.0222211	-0.0147194	-0.0148419	-0.0156761	-0.0126246	-0.0169068	-0.000549216	0.0213373	-0.015622	0.00622419	-0.00602604
-0.022028	-0.0148845	-0.0304236	-0.0101755	-0.0329441	0.262534	-0.0172692	-0.0521135	-0.042871	-0.0359931	-0.0221626	-0.0421241	-0.0264125	-0.0217169	1	-0.0199829	-0.0300972	-0.029998	-0.0345397	0.415258	-0.0384862	-0.0279077	-0.0225025	-0.0124359	-0.0134381	-0.107553	-0.0380366	-0.0338032	0.209645	-0.018588	-0.039884	-0.0150086	-0.0172526	-0.02868	-0.0305549	-0.0290751	-0.13548	-0.0181404	-0.0151183	-0.00719532	-0.0391376	-0.0248649	-0.0305835	0.263884	-0.102957	0.0863446	-0.0306687	0.0729814	-0.0361956	0.00974228	-0.0117403	-0.0805629	-0.046273	-0.0164332	-0.0724928	-0.016897	-0.0356118	0.038716	-0.0247885	-0.0592804	-0.0361211	-0.0277089	-0.0186643	0.0653679	0.0600517	-0.0130791	-0.0213054	-0.0443581	-0.0140409	-0.0528539	-0.0506854	-0.0386531	0.127776	-0.0254018	-0.0146115	-0.0708612	-0.00135454	0.10133	0.0553228	-0.0257289	-0.0513544	-0.029233	-0.0234157	-0.0226935	0.070694	0.0714528	-0.00139488	-0.00773704	0.106674	-0.0338193	0.111256	0.0100721	-0.0310886	-0.017911	-0.0442272	-0.00499316	-0.0259379	0.144674	-0.0279805	0.0699135	0.0681845	-0.015469	-0.00851301	-0.011256	-0.00976134	-0.0153844	0.124174	-0.0322828	0.0130347	-0.0501715	-0.00332751	-0.018237	-0.0181894	-0.0137842	-0.0307575	-0.0289088	-0.0169743	-0.00258243	0.00273488	-0.0403971	-0.0050507	-0.0258199
-0.014392	-0.0149005	-0.011946	-0.0206803	-0.00528195	0.173814	-0.0163001	-0.0276939	-0.0254943	-0.0295297	-0.0240528	-0.0207245	-0.0173444	-0.0152908	-0.0199829	1	-0.0029133	-0.0151203	-0.0294236	0.269323	-0.0209076	-0.010203	-0.0115535	-0.0245357	-0.0231189	-0.0841938	-0.0215699	-0.0219885	0.13412	-0.0226966	-0.0202156	-0.0247678	-0.00233053	-0.0214616	-0.020236	-0.027002	-0.0655291	-0.00175125	-0.0262132	-0.0250058	-0.0588751	-0.00508821	-0.0216844	0.165687	-0.0920023	0.0115038	-0.0290426	-0.104774	-0.0277298	0.198138	-0.0127748	-0.033033	-0.0305614	-0.0186298	-0.0173994	-0.0121944	0.00611209	0.18591	-0.0149266	-0.0384842	-0.0243042	-0.00739038	-0.0128122	0.0669159	0.0622711	-0.00707194	-0.0169176	-0.0326976	-0.011138	-0.035931	0.00371263	-0.00894988	-0.027132	-0.0168494	0.0078719	-0.0358641	-0.0097147	0.0350172	-0.0158954	-0.0270452	0.105942	0.00211943	0.25126	-0.025366	0.0401058	-0.00976672	0.00151534	-0.0035289	-0.0188209	0.0029393	-0.0212621	-0.0244225	0.015614	-0.00448302	0.0148323	-0.0200364	0.0138632	-0.0195134	-0.0170062	-0.00839154	-0.0250517	-0.0306141	-0.0268435	-0.00588841	-0.021355	-0.0147649	-0.0124219	0.00435504	0.0466587	-0.00464493	0.0812546	-0.0221888	-0.0132066	-0.0126111	0.052354	-0.0311896	-0.00176274	-0.00541773	-0.030056	0.016305	-0.0100781	-0.0130349
-0.0163444	-0.0160343	-0.0268351	-0.0128256	0.558546	0.174686	-0.00780699	-0.0396647	-0.020798	-0.0119019	-0.012434	-0.0262757	-0.0155681	-0.00702806	-0.0300972	-0.0029133	1	-0.00922716	-0.00766462	-0.0281792	-0.0164843	-0.018498	0.00311309	-0.01916	-0.00035863	-0.0685261	-0.00989734	-0.0263289	0.132587	-0.0170425	-0.0229643	-0.00333107	-0.0167391	-0.0205444	-0.018832	-0.0109603	-0.0887297	-0.00154165	-0.0145946	-0.00391376	-0.0823116	-0.00182124	-0.0127697	0.154881	-0.0562557	0.0410734	0.00672357	0.0737067	-0.0315826	-0.014247	-0.0142849	-0.0581134	-0.0119303	-0.0148442	-0.0580116	-0.0195713	-0.0174814	0.241336	-0.00808142	-0.0198834	-0.0164249	-0.00360961	-0.0133281	0.0909571	0.0894638	-0.01674	-0.00420135	-0.0172331	-0.0148906	-0.017057	-0.0167237	-0.00338149	-0.00945928	-0.011494	-0.0136422	0.0681907	0.439038	-0.043858	-0.0157355	-0.0198139	-0.0153871	0.619089	0.00535578	0.0170406	-0.0520433	-0.0496918	-0.0255178	0.00715451	-0.00682184	0.0541217	-0.0116712	-0.0125055	-0.0112627	-0.0296193	0.01243	-0.00478791	-0.00282341	-0.0162209	-0.00703597	-0.00322452	0.136117	-0.0156377	-0.013095	-0.0130117	-0.0192909	0.00155345	-0.00558112	-0.0122892	-0.0226182	0.000906389	-0.00605034	-0.024553	0.0160309	0.00395875	0.0186573	-0.0217584	-0.0138493	-0.00133126	0.0830369	-0.000583181	0.0075025	-0.0163087
-0.0205216	-0.0207006	-0.0309379	-0.00889268	-0.028978	0.246301	-0.0215729	-0.0570649	0.580968	-0.0270581	-0.0219752	-0.0338276	-0.0222199	-0.0139403	-0.029998	-0.0151203	-0.00922716	1	-0.0260722	-0.0463642	-0.030258	-0.0284031	-0.014944	-0.0211595	-0.00177166	-0.105718	-0.0285177	-0.0390944	0.160367	-0.0233797	0.525159	-0.000171904	-0.0256188	0.616491	-0.0197584	-0.0157441	-0.10701	-0.013259	-0.00770295	-0.0128974	-0.0978924	-0.0140226	-0.0242684	0.212444	-0.0985448	0.130533	-0.00467316	-0.116128	-0.0287866	0.247748	-0.0253868	-0.0667581	-0.033628	-0.00795055	-0.0613866	-0.0160287	0.481141	-0.0391372	-0.0184847	-0.0155875	-0.0267318	0.00738541	-0.00460676	-0.10227	-0.0946247	0.613703	0.0257261	-0.0310143	-0.00787865	-0.0414671	-0.0374359	-0.0334416	-0.00632664	-0.0310587	-0.0193942	0.121501	-0.0215704	-0.0769459	-0.0202116	-0.014767	-0.0590809	-0.0123122	-0.0256462	-0.0169538	-0.0730722	-0.0629537	0.238652	-0.0141156	-0.0247747	0.112468	-0.0412499	-0.0140955	0.00494244	-0.00313162	-0.0376818	-0.0223997	0.00565692	-0.0121807	-0.0269064	0.0157951	-0.0431797	-0.0332936	0.0135892	0.266608	-0.00877735	-0.0135	-0.0088572	0.107315	-0.036134	-0.0523386	0.000583553	-0.00901411	-0.00569336	-0.0322028	-0.0230933	-0.0346041	-0.0088427	0.000125731	-0.0710613	-0.0258296	-0.0159245	-0.0150745
-0.0288507	-0.0189468	-0.0265678	-0.0206214	-0.0243531	-0.10482	-0.0233057	-0.048796	-0.0439738	0.921168	-0.0201234	-0.0302919	-0.0250301	-0.0188334	-0.0345397	-0.0294236	-0.00766462	-0.0260722	1	-0.0700904	-0.0257265	-0.0109479	-0.0210607	-0.0162213	-0.0173099	0.211074	-0.0259597	-0.0368911	-0.064583	-0.0208668	-0.0406975	-0.0105361	-0.016644	-0.0328303	-0.0294914	-0.0189993	0.013347	-0.0214568	-0.0290572	-0.00830262	-0.12948	-0.015604	-0.0157813	-0.0970263	0.208893	-0.0319207	-0.0460606	0.154974	-0.0241384	-0.0783417	-0.025794	-0.0919569	-0.0267076	-0.0175732	-0.101306	-0.0108364	-0.041203	-0.051259	-0.031796	0.399157	-0.0345862	-0.0331649	-0.0211129	-0.0980397	-0.103682	-0.0158655	-0.0272555	0.437102	-0.0148727	0.354601	-0.0480241	-0.0337724	-0.0196395	-0.0334429	-0.014793	-0.0865528	-0.0169879	-0.102824	-0.0206034	-0.0174187	0.254501	-0.014448	-0.0308766	0.40955	-0.102851	-0.0902903	-0.0357355	-0.0113527	-0.0203389	-0.0903472	0.450357	-0.0171701	-0.0104724	-0.0126906	0.249366	-0.00893576	-0.0148876	-0.0180468	0.582394	-0.0190651	-0.0448018	-0.0281431	-0.0289819	-0.00879751	-0.013768	-0.0268245	-0.0164053	-0.0227828	-0.0400964	0.197192	-0.0194384	-0.0304497	-0.00645698	-0.0279958	-0.038006	0.252974	-0.00677776	-0.00116984	0.144676	0.281835	-0.00806469	0.369517
-0.0506829	-0.0597508	-0.0725011	-0.0401773	-0.0355128	0.659451	-0.0440344	-0.141924	-0.106478	-0.0759109	-0.0553188	-0.0982814	-0.0623444	-0.0442677	0.415258	0.269323	-0.0281792	-0.0463642	-0.0700904	1	-0.0809725	-0.0686825	0.243786	-0.0499092	0.277744	-0.292517	-0.078531	-0.0832215	0.457509	-0.0644776	-0.084722	0.151433	-0.0375816	-0.062469	-0.0568505	0.0683684	-0.317883	-0.0506306	0.298239	-0.033106	-0.21259	-0.0586584	-0.0653506	0.566325	-0.21684	0.15714	0.622937	0.0556145	-0.0659185	0.213042	-0.0465098	-0.215329	-0.0872859	-0.0528542	-0.163337	-0.033614	-0.0582671	0.222585	-0.0593528	0.208282	-0.0799044	0.179413	-0.0368947	0.0661962	0.120331	-0.0370755	0.242274	-0.101548	-0.0254662	-0.116079	-0.0586956	-0.0186168	0.320927	-0.051504	-0.0366185	-0.103949	-0.0423198	0.212343	0.134321	-0.0554348	-0.0550265	-0.0343336	0.0390953	-0.0810974	0.143633	0.127144	-0.0628013	-0.0198635	0.129604	-0.0623422	0.0653915	-0.039438	-0.0297643	-0.0374666	-0.0159701	-0.031559	-0.0577429	0.0258485	-0.0439532	0.186073	0.170713	-0.0454411	-0.0622497	-0.0274681	-0.0675554	-0.0402462	0.254505	-0.0525645	-0.0230034	-0.0356009	0.00964815	-0.0354275	-0.0260403	-0.00384071	0.0437465	-0.0691291	0.00507634	-0.0181418	0.071487	-0.00321928	-0.0110349	-0.056742
-0.0254647	-0.0304534	-0.0254951	-0.0233975	-0.0152804	-0.121252	-0.0212979	-0.0757449	-0.0469395	-0.0262742	-0.0273043	-0.0503082	-0.0269163	-0.0342875	-0.0384862	-0.0209076	-0.0164843	-0.030258	-0.0257265	-0.0809725	1	-0.0417371	-0.0316885	-0.0327002	-0.0275342	0.271912	-0.0274259	-0.0555683	-0.0312168	-0.0328556	-0.0419949	-0.0312324	-0.0105831	-0.0320109	-0.0320852	-0.0225575	-0.160262	-0.0211867	-0.0350804	-0.0317628	-0.164162	-0.0388849	-0.0260764	-0.106355	0.247959	-0.0306954	-0.0410226	0.179035	-0.0279607	-0.0844652	-0.0320745	0.199836	-0.0467567	-0.0105619	-0.113375	-0.0189973	-0.0315173	-0.0626928	-0.0207266	-0.0521607	0.746915	-0.010799	-0.0227508	-0.152848	-0.15051	-0.0223539	-0.0061027	-0.0379139	-0.0376584	0.494229	0.427579	0.564883	-0.0305878	-0.0357446	0.00340238	-0.0358745	-0.0135775	-0.114703	-0.0506728	-0.0279303	0.187263	-0.0104983	-0.00294822	-0.0314191	-0.0396925	-0.036571	-0.0587011	-0.00885736	-0.0301655	-0.0763894	-0.0228108	-0.0265215	0.0585722	-0.0192994	-0.0513343	-0.00511506	-0.0264655	0.119397	-0.0288637	-0.00128338	-0.051457	0.149411	-0.0210896	-0.0161702	-0.0466315	-0.0249496	-0.0305513	-0.0267297	-0.0571579	0.0499176	-0.0341635	-0.0328451	-0.0125319	0.353606	-0.0412959	0.115987	0.00357121	-0.0256759	0.038022	-0.0143769	-0.0188138	0.00197634
-0.0284829	-0.0304501	-0.0189166	-0.03416	-0.0105465	-0.108768	-0.0276723	0.515854	-0.0536481	-0.0127432	-0.0121996	-0.0359492	-0.0231323	-0.0169099	-0.0279077	-0.010203	-0.018498	-0.0284031	-0.0109479	-0.0686825	-0.0417371	1	-0.0172493	-0.0333048	-0.0303298	-0.135341	-0.0224027	-0.0300319	-0.168661	-0.0295228	-0.0484012	-0.0249425	-0.0114652	-0.0373298	-0.0102347	-0.0359685	0.218631	-0.0142902	-0.0284702	-0.0283491	0.165862	-0.0231025	-0.0236577	-0.0936095	-0.123305	-0.0361865	-0.0429723	-0.149327	-0.0204702	-0.0618733	-0.0183137	0.207618	-0.0354383	-0.0158085	0.186318	-0.0216891	-0.0344385	-0.0503997	-0.0220502	-0.0460888	-0.0394351	-0.0265649	-0.0120391	0.128233	0.115811	-0.0265166	-0.0097558	-0.0317996	-0.031684	-0.0454805	-0.0390809	-0.0309013	-0.0104999	-0.015168	-0.0258686	-0.0189949	-0.013616	0.0461132	-0.015929	-0.0161418	-0.0448235	-0.0085094	-0.0110739	-0.0154945	0.0477497	0.0638529	-0.0242751	-0.0192755	-0.00738139	-0.0161152	-0.00973959	-0.0276055	0.00139311	-0.0116029	-0.0541043	-0.0299002	-0.0218007	-0.000943545	0.00122888	-0.0170682	-0.0313781	0.0237904	-0.0473534	-0.0190023	0.056304	0.00288318	-0.00667423	-0.026218	0.182937	-0.0286485	0.388241	-0.00509421	-0.0228629	-0.026345	0.109348	-0.000503746	-0.0162888	0.12591	-0.0746318	-0.0411016	-0.0223582	-0.0267969
-0.00351941	-0.0187301	-0.00433325	-0.0157345	0.00593137	0.169982	-0.0117283	-0.0313593	-0.0279492	-0.0240933	-0.0156908	-0.0151393	-0.0179491	-0.00588921	-0.0225025	-0.0115535	0.00311309	-0.014944	-0.0210607	0.243786	-0.0316885	-0.0172493	1	-0.0113867	0.00630547	-0.0872359	-0.017661	-0.0144965	0.118307	-0.0189213	-0.0323473	-0.0022181	-0.00980665	-0.0212708	-0.021505	-0.00612646	-0.0717691	-0.000300506	5.90193e-06	-0.0120257	-0.0593799	-0.0112478	-0.0206352	0.159753	-0.0771546	-0.0121154	0.315898	-0.0954411	-0.0144576	0.196072	0.0102725	-0.0491828	-0.0223078	-0.0230141	-0.0394669	-0.00256077	-0.0309424	0.248105	-0.0153808	-0.0270839	-0.0358835	-0.0152136	-0.0218643	0.0949265	0.0885399	-0.0209471	-0.0172145	-0.0356006	-0.0186735	-0.0479669	-0.0335184	-0.0182205	-0.00772016	-0.0282771	-0.0198485	-0.0702234	-0.0145189	0.0913485	-0.023266	-0.0267474	-0.0374368	-0.00775713	-0.014734	-0.0220796	0.0898252	0.0924649	-0.032329	-0.0209938	-0.0192129	-0.0756244	-0.0219932	-0.00119213	0.00999709	-0.0176264	0.0952327	-0.00955848	-0.0114814	-0.0239323	-0.0140802	-0.0149718	-0.0331988	0.0290527	-0.00119852	-0.0180962	-0.0313124	-0.019737	-0.0164899	-0.0242557	-0.0288362	0.107688	-0.00792604	-0.00693884	-0.00406665	-0.0130813	0.169605	0.00668117	0.0105291	-0.0203209	0.0695333	0.113776	0.000252712	-0.0237217
-0.0323474	-0.0209795	-0.0328043	-0.0131795	-0.0287448	-0.0893895	-0.00726439	-0.0715045	-0.0322171	-0.0231459	-0.023373	-0.0544463	-0.0238183	-0.0205497	-0.0124359	-0.0245357	-0.01916	-0.0211595	-0.0162213	-0.0499092	-0.0327002	-0.0333048	-0.0113867	1	-0.00155889	0.229058	-0.028266	-0.0282886	0.164003	-0.0338711	-0.0232698	-0.0214093	-0.00802865	-0.0185466	-0.0062364	-0.0124985	-0.148714	-0.0259878	-0.0119898	-0.0104373	-0.158394	-0.0350947	-0.0360714	-0.0796261	0.223117	-0.0296406	-0.0219512	0.145907	-0.0358993	-0.0693069	-0.00805762	-0.100347	-0.0502743	-0.0256289	-0.103905	0.0117075	-0.0190737	-0.0557669	-0.0257023	0.0466041	-0.0383689	-0.0236688	-0.0143776	0.114211	0.111713	0.00113752	-0.0113148	-0.0311381	-0.0230368	-0.0484722	-0.0324142	-0.0330826	-0.00797431	-0.0291288	-0.00722032	-0.0907544	-0.0229004	0.0961613	0.145364	0.000874036	-0.0569244	-0.0217214	-0.0164401	-0.028629	0.0976976	0.113954	-0.0549694	-0.0161656	-0.000562072	-0.0734455	-0.0221899	-0.0294909	-0.00911042	-0.0197124	-0.041089	-0.0190976	-0.0525055	0.0259512	-0.0242361	-0.015699	-0.0306849	-0.0402219	-0.0391565	-0.0270879	-0.0298157	-0.0281445	-0.000186673	-0.0540951	0.0561025	-0.0598435	-0.00584824	0.193481	-0.0247435	-0.0268503	-0.037874	-0.0511995	-0.0159147	-0.0186137	-0.0826063	-0.0426052	-0.0192178	-0.0307246
-0.000598649	-0.0218796	-0.0254173	0.00506073	-0.00294535	0.181445	-0.0235289	-0.0445141	-0.0246403	-0.0209924	-0.0185227	-0.0301095	-0.017782	0.00969184	-0.0134381	-0.0231189	-0.00035863	-0.00177166	-0.0173099	0.277744	-0.0275342	-0.0303298	0.00630547	-0.00155889	1	-0.0880823	-0.0278816	0.00373383	0.132533	-0.0103819	-0.0175679	-0.00979749	-0.0177667	-0.0146727	-0.00371014	-0.0171969	-0.0786698	-0.0223914	0.670467	-0.00548656	-0.0624628	-0.0221748	-0.0306074	0.171443	-0.081196	0.0196679	0.384619	0.0883872	-0.0217277	-0.0518477	0.00119497	-0.0597249	-0.0238669	-0.0125947	-0.0687955	-0.0156596	-0.0231432	-0.0260875	-0.0140666	0.287166	-0.0276886	-0.0123382	0.00300468	-0.0821156	-0.0801872	-0.00413172	0.00272593	-0.0357614	0.0166955	-0.0428302	-0.0474835	-0.0352612	0.563913	-0.0248921	-0.0193238	-0.0667738	-0.00668312	0.0994283	0.247123	-0.00348616	-0.0564918	-0.0101983	-0.0111221	-0.035739	0.0989557	0.0972288	-0.0358162	-0.0137574	-0.00944483	-0.0591852	-0.0236381	-0.027166	0.00164993	-0.0178522	-0.0275003	-0.00179573	-0.0294926	-0.0128138	-0.0216893	-0.0133134	0.193653	-0.0208293	-0.0303885	-0.00335187	-0.0164505	-0.0172012	0.363716	0.0244766	-0.0221051	-0.0357556	-0.0153893	-0.0205541	-0.0211881	-0.0125611	-0.00709636	-0.0245533	-0.00696655	-0.007981	0.0759057	-0.0201558	0.0137284	-0.0209637
-0.11063	0.115008	-0.101826	-0.0969105	-0.074669	-0.446704	-0.0840029	-0.264274	-0.177319	0.22239	-0.0914794	-0.181181	0.220449	-0.0863347	-0.107553	-0.0841938	-0.0685261	-0.105718	0.211074	-0.292517	0.271912	-0.135341	-0.0872359	0.229058	-0.0880823	1	-0.121673	-0.168195	0.110557	0.244784	-0.172594	-0.0825257	-0.0455191	-0.135962	-0.112004	0.0903172	-0.421323	-0.0622173	-0.103558	-0.079968	-0.414341	-0.113939	0.232141	-0.404317	0.773566	-0.105316	-0.192131	0.506531	-0.112648	-0.294065	-0.101803	-0.179223	0.0986776	-0.0817867	-0.278747	0.130111	-0.12901	-0.172136	-0.112012	0.0419161	0.157386	-0.0892465	-0.0718239	0.0454287	0.0422127	-0.0619108	-0.0591633	0.100543	-0.0807197	0.188839	0.0944601	0.131371	-0.117293	0.130052	0.0517179	-0.118671	-0.0527669	-0.00809418	0.0775371	-0.0585314	0.0912184	-0.0471797	-0.0469679	0.0728195	-0.0398326	-0.0175735	-0.12846	0.0947503	-0.0452606	-0.0882382	0.113831	-0.0588699	-0.00796958	0.0231821	0.0609491	-0.0266397	-0.0917515	0.0372261	0.136726	-0.0279547	-0.123633	-0.0260792	0.0166331	-0.0142462	-0.0636957	0.0854351	-0.10304	-0.0776472	-0.0837362	0.0428616	-0.0701155	0.116908	0.0473914	0.0794971	-0.0447391	0.0387798	0.0161593	-0.0561963	-0.0518977	0.0717196	-0.0785037	0.068242
-0.0356338	-0.0289663	-0.0212732	-0.0126096	-0.0196102	-0.0567448	-0.0140705	-0.0507032	-0.0369307	-0.028545	0.728811	-0.0551768	-0.0252015	-0.0206796	-0.0380366	-0.0215699	-0.00989734	-0.0285177	-0.0259597	-0.078531	-0.0274259	-0.0224027	-0.017661	-0.028266	-0.0278816	-0.121673	1	-0.0285366	-0.166381	-0.0354564	-0.0389222	-0.0253066	-0.0223189	-0.0310596	-0.0190972	-0.0245737	0.217237	-0.017016	-0.040888	-0.0117178	0.203442	-0.0300895	-0.0209002	-0.105304	-0.129219	-0.0337188	-0.0515558	-0.153649	-0.033845	-0.0811209	-0.0247177	-0.00075181	-0.039158	-0.0212103	0.215352	-0.0157974	-0.0455189	-0.0583111	0.672483	-0.0520703	-0.0327587	-0.0234666	-0.00468061	-0.146036	-0.150284	-0.0127766	-0.015387	-0.0394377	-0.0136297	-0.0352899	-0.0400786	-0.0152319	-0.0245574	0.00573984	-0.0174521	0.14812	-0.0297679	-0.108258	-0.0531865	0.000924775	-0.0312574	-0.0246184	-0.00367909	-0.00983637	-0.010045	0.00297434	-0.0482309	-0.026489	-0.00798341	0.0381297	-0.037452	-0.0241273	0.0417902	-0.0147176	0.0170391	-0.00134024	-0.0141241	-0.0154721	-0.0278746	-0.0179222	-0.0458013	0.0308655	-0.0299814	-0.0131069	0.0323946	0.00159241	-0.0157257	-0.0153961	-0.0276657	0.045308	-0.0205641	-0.0476367	-0.0306357	0.0150385	0.0764773	0.00918525	-0.0194907	0.00914406	0.0178851	0.0536208	-0.0128729	-0.0210281
-0.0233193	-0.0363336	-0.0370472	-0.0324573	-0.0235456	-0.126533	-0.0199656	-0.0807796	-0.0482132	-0.0399915	-0.0119876	-0.0641482	-0.0410324	-0.0157306	-0.0338032	-0.0219885	-0.0263289	-0.0390944	-0.0368911	-0.0832215	-0.0555683	-0.0300319	-0.0144965	-0.0282886	0.00373383	-0.168195	-0.0285366	1	-0.193367	-0.0375195	-0.0480163	-0.0295246	-0.014594	-0.0393848	0.635637	-0.0423389	0.255177	-0.0380732	0.0333738	-0.0192907	0.239107	-0.0286518	-0.0494768	-0.104171	-0.148955	-0.0189767	-0.033541	-0.170756	-0.011508	-0.0721567	0.564544	0.06985	-0.0554863	-0.0303271	0.0545654	-0.0181468	-0.0333324	-0.0538346	-0.0259602	-0.0643705	-0.0602347	-0.0422631	-0.030453	-0.136523	-0.13874	-0.0184769	-0.0237426	-0.0551158	-0.0141442	-0.0750986	-0.0651883	-0.0529858	-0.0170032	-0.0397326	-0.0217089	0.00325239	-0.00470403	0.0343732	-0.032542	0.351541	-0.0877105	-0.0228523	-0.0339029	-0.0446883	0.047135	-0.00959668	-0.0667802	-0.0432361	-0.0155613	0.0587568	-0.0430122	-0.0227147	0.0289514	-0.0396294	-0.0485859	-0.0265873	-0.0404783	-0.0153209	-0.0287298	-0.0276346	-0.0302501	0.116946	-0.0180618	-0.0205058	0.090626	0.0110644	-0.0207708	-0.0481339	-0.0153152	-0.0109046	-0.0185233	-0.0351201	-0.0349951	-0.0315453	0.00117048	0.00344609	-0.0322038	-0.0276031	0.0108674	-0.0289408	-0.00679022	-0.0439131
0.186528	0.0691894	-0.14375	-0.105764	0.116394	0.693514	0.155189	-0.325248	0.282584	-0.0149137	-0.115711	-0.214433	0.119895	0.132642	0.209645	0.13412	0.132587	0.160367	-0.064583	0.457509	-0.0312168	-0.168661	0.118307	0.164003	0.132533	0.110557	-0.166381	-0.193367	1	0.070781	0.263644	-0.0136946	-0.0877035	0.187507	-0.128877	-0.0418053	-0.732985	-0.089047	0.154921	-0.0903222	-0.457639	-0.126116	0.0136885	0.678743	0.0411001	0.200451	0.320632	0.188987	-0.14751	0.390438	-0.11612	-0.416761	-0.0904221	0.123558	-0.282062	0.057748	0.203955	0.23285	-0.142333	0.119471	0.0571904	0.0529958	0.119332	0.000212201	0.0365466	0.113093	0.135899	0.0671342	-0.0864818	0.0300612	0.00709968	-0.00904292	0.173303	0.134276	0.0122708	-0.070434	0.100019	0.0927264	0.103404	-0.0415671	0.061798	0.121821	0.0622985	0.0106442	0.0270848	0.0378977	-0.0423674	-0.000268454	0.0547501	-0.0300558	0.0644424	-0.0981314	-0.02731	-0.0733078	0.0119172	-0.0342749	-0.12511	0.0374731	-0.0349253	0.0986261	0.0786819	-0.0586461	-0.0532978	0.0230671	-0.0510355	0.0655991	0.14417	-0.0671874	-0.0579284	-0.0201801	-0.0536116	0.0193512	-0.00168951	-0.0170492	-0.0175821	-0.0675029	0.00597671	-0.0631259	-0.00710359	-0.00320878	-0.062892	-0.0439222
-0.0215529	-0.0168861	-0.0260237	-0.0173805	-0.0206058	-0.10413	-0.019908	-0.0682513	-0.0450516	-0.0255386	-0.0292264	-0.0452832	0.747601	-0.0183861	-0.018588	-0.0226966	-0.0170425	-0.0233797	-0.0208668	-0.0644776	-0.0328556	-0.0295228	-0.0189213	-0.0338711	-0.0103819	0.244784	-0.0354564	-0.0375195	0.070781	1	-0.045377	-0.0146086	-0.0169035	-0.037455	-0.0132953	-0.0143748	-0.14162	-0.0204089	-0.0277971	-0.020933	-0.137573	-0.0333737	-0.0160089	-0.0947338	0.224001	-0.0299883	-0.0467809	0.168882	-0.0169358	-0.0652967	-0.0332254	-0.0850135	-0.0366731	-0.0159555	-0.0889868	-0.0100107	-0.0367701	0.0866867	-0.0370304	-0.0544211	-0.0332692	-0.0308983	-0.0267221	-0.0313417	-0.035318	-0.027599	-0.0122024	-0.0322717	-0.00284476	-0.0407596	-0.0363558	-0.0243169	-0.0277495	0.333392	-0.0139644	0.0191815	-0.00566269	-0.0893088	-0.0564001	0.0240422	-0.00304892	-0.0101833	-0.0052755	0.0195747	-0.0323248	-0.0546065	-0.0456157	-0.0160229	-0.0082868	0.0400757	-0.0221764	-0.0158846	-0.0210915	-0.0164964	-0.0521079	-0.0369561	-0.0346115	-0.0154318	-0.0273968	-0.0140854	-0.0265765	0.0258812	-0.0152823	-0.0143322	0.0339912	0.244335	-0.0264435	-0.0355014	-0.00963751	-0.025278	0.0080579	0.0478045	-0.023201	-0.00178386	-0.00937837	-0.0225392	-0.00331085	-0.0135786	-0.0465682	-0.036028	-0.0316739	-0.049424
-0.0342509	0.166446	-0.0333675	-0.0175375	-0.0231827	0.291896	0.424501	-0.0833373	0.806385	-0.0445625	-0.0257144	-0.0559192	-0.0368717	-0.0312705	-0.039884	-0.0202156	-0.0229643	0.525159	-0.0406975	-0.084722	-0.0419949	-0.0484012	-0.0323473	-0.0232698	-0.0175679	-0.172594	-0.0389222	-0.0480163	0.263644	-0.045377	1	-0.020749	-0.0206436	0.827543	-0.0293488	-0.0309067	-0.185965	-0.0304855	-0.0275751	-0.0118331	-0.138707	-0.0241101	-0.0430108	0.35514	-0.168927	0.152009	-0.067417	-0.137541	-0.0339325	0.354293	-0.0341405	-0.12012	-0.0584619	-0.0269435	-0.127271	-0.022704	0.738365	-0.0589583	-0.0318404	-0.0617808	-0.044411	-0.0454992	-0.0228798	-0.0739682	-0.0794212	0.399479	-0.0326635	-0.060259	-0.0116367	-0.0719056	0.00259216	-0.0588676	-0.0262116	0.118878	-0.0294579	0.100435	-0.0302667	-0.127111	-0.00979144	-0.0260896	0.0567782	-0.0221285	-0.0127758	0.00530705	-0.105699	-0.0973776	0.27688	-0.0268223	-0.027134	0.106323	-0.0630441	-0.0272713	-0.000629579	-0.0106999	-0.0253988	-0.0250405	-0.00679396	0.00548626	-0.0430633	-0.0368739	-0.053224	-0.0530937	-0.00758855	0.17808	-0.0235532	0.0236736	-0.0105581	0.125755	-0.0361187	-0.0541449	-0.00624121	-0.0418421	-0.0184739	-0.0422177	-0.00913673	-0.0559728	-0.0182795	-0.0256213	-0.0912934	-0.0234995	-0.0237134	-0.0228404
