1	0.514562	-0.103675	-0.0647474	-0.0307269	-0.262271	-0.0656646	0.42778	-0.0366039	-0.106682	-0.023299	-0.0856918	-0.0183178	-0.0931142	-0.00770992	-0.0569368	-0.0161625	-0.0831407	-0.0319432	-0.0482146	-0.0398014	-0.0236517	-0.0437002	0.587257	-0.0398234	-0.0452983	-0.0319151	0.597176	-0.0344308	-0.0316371	-0.0321503	-0.0318099	-0.142166	0.887552	-0.1808	-0.0295155	0.290848	0.323639	-0.0329003	-0.0263625	-0.0120639	-0.0614279	-0.0491243	-0.0735095	-0.027801	-0.0278224	-0.103826	0.00462852	-0.0360676	0.122752	0.00388342	-0.0351313	-0.069219	0.404386	0.417248	-0.0525767	-0.0711318	-0.0568326	0.00332468	-0.0276937	0.178643	0.0542271	-0.044397	-0.0312026	-0.0417163	-0.0261035	-0.026258	-0.0333935	-0.0534174	-0.0104963	-0.0467633	-0.021374	-0.0630492	-0.0413369	-0.0428579	0.102037	-0.0426511	-0.0250792	-0.110542	-0.0492371	-0.0341932	-0.0534328	0.115053	0.47422	-0.0281953	-0.0244168	-0.0348513	0.317268	-0.0739387	-0.0290704	0.216811	-0.0552172	-0.0300788	-0.0409369	-0.0444254	-0.0420431	-0.0373051	0.243217	-0.0367992
0.514562	1	-0.217784	-0.115514	-0.0622133	-0.290332	-0.199334	0.602878	-0.0902176	-0.183028	0.203042	-0.142666	0.21207	-0.1579	-0.0468031	-0.114134	-0.0658126	-0.15976	-0.0421033	-0.0866996	-0.0745701	0.227736	0.399161	0.755509	0.275239	-0.0676221	-0.0523888	0.349151	0.215595	-0.0639953	-0.0553939	-0.0683952	-0.026005	0.497369	-0.258507	-0.0631349	0.259284	0.304601	-0.0620903	-0.0671533	-0.115884	-0.0691713	-0.0938479	-0.206585	-0.0555095	-0.0637192	0.0329325	0.246453	-0.0589969	0.264005	-0.110156	-0.060571	-0.130247	0.207078	0.270227	-0.0669845	-0.122511	-0.034503	0.168424	-0.00910342	0.191622	-0.0307979	0.126418	-0.032507	-0.0190587	-0.0533144	-0.0645338	-0.0550175	-0.117396	-0.0444298	-0.0709909	-0.0499212	-0.0921146	-0.0584771	-0.0758773	0.0546269	-0.0725892	-0.0504712	0.0771721	0.169363	-0.0521901	-0.093703	0.00266001	0.240709	0.271921	-0.0505203	-0.0620796	0.166978	-0.00114299	-0.062357	0.0908093	-0.118103	-0.0723085	-0.056877	-0.0236486	-0.047491	0.13499	0.11696	0.112832
-0.103675	-0.217784	1	0.531822	-0.0476021	-0.404144	0.939535	-0.240097	-0.0866717	-0.17121	-0.0477242	-0.109295	-0.0481512	0.387646	-0.0462081	-0.115979	0.295665	-0.135047	-0.0447624	-0.0478254	-0.0607719	-0.0473478	-0.0952515	-0.172076	-0.054485	-0.0521496	-0.0329376	-0.0777381	-0.0513798	-0.0534795	-0.0470306	-0.0546671	-0.221951	-0.109021	-0.287265	-0.0478528	0.453293	0.0474446	-0.0536101	-0.00361068	0.61716	-0.0857471	-0.0243814	0.754004	0.0128671	0.302188	0.563365	0.387417	-0.0403887	-0.138345	-0.12068	-0.0557289	-0.12361	-0.045034	-0.0644093	0.25219	-0.112097	0.356397	-0.0638894	0.170711	-0.0782273	0.0238986	0.22664	0.0223928	0.08929	0.033808	0.0214139	0.0611913	-0.0402847	0.0265876	-0.0571172	-0.0300506	-0.0563312	0.0565009	-0.0678003	-0.103539	-0.0563817	-0.0218851	-0.0667127	-0.074771	-0.0627304	-0.0398227	-0.161742	-0.0358644	-0.0704751	0.144281	-0.0418024	-0.0454465	0.301274	-0.0403641	-0.0807841	-0.116499	-0.0682638	-0.0733847	0.144476	-0.0600223	-0.0157105	-0.0387034	0.0456938
-0.0647474	-0.115514	0.531822	1	-0.0216621	-0.232423	0.531593	-0.122837	-0.0452783	-0.0955684	-0.0147503	-0.0701153	-0.0247425	-0.0716083	-0.024644	-0.0619076	-0.0376604	-0.0686058	-0.0140379	-0.0483498	-0.0358135	-0.0325945	-0.0418183	-0.0958324	-0.0383154	-0.0182093	-0.021084	-0.0481156	-0.0198708	-0.0435281	-0.0242725	-0.0282798	-0.132889	-0.0663819	-0.160262	-0.0258235	0.261739	-0.138772	-0.0268225	-0.0372696	0.69904	-0.0531794	0.0436852	0.446441	0.0784735	0.58307	0.360453	0.248633	-0.016663	-0.0889462	-0.0406341	-0.0348088	-0.0605177	-0.0252348	-0.0400299	-0.067806	-0.054981	0.358089	-0.097199	-0.0344992	-0.0562434	-0.024008	0.192754	0.0504648	-0.0430362	-0.0393291	-0.0110615	-0.026494	-0.0475712	-0.0430661	-0.0219267	-0.0200685	-0.0467668	-0.0389198	-0.034092	-0.0601058	-0.0400249	-0.0188977	-0.0674028	-0.0393812	-0.0269194	-0.0104026	-0.15004	-0.0286721	-0.0362411	-0.0297597	-0.0318012	-0.0242314	0.598503	-0.0285775	-0.0473581	-0.0641503	-0.0383812	-0.0328812	-0.0286572	-0.0480325	-0.0228332	-0.027462	-0.0420693
-0.0307269	-0.0622133	-0.0476021	-0.0216621	1	0.115915	-0.0450424	-0.0677569	-0.0189454	-0.0384539	-0.0211915	-0.00792676	-0.0131483	-0.0421386	-0.0192788	-0.0212905	-0.0200759	-0.0284316	-0.0124119	-0.017069	-0.0230556	-0.0153999	-0.0302608	-0.0494175	-0.0241099	-0.0071013	-0.00270019	-0.0193238	-0.0141824	-0.0236717	-0.0120505	0.874916	0.174309	-0.0329145	-0.0502806	-0.014928	-0.102372	-0.0829375	-0.0203436	-0.0236687	-0.0321899	-0.0303516	-0.0127959	-0.0550924	-0.00320155	-0.00858669	-0.0650946	-0.0699005	-0.0108684	-0.0127179	-0.0370635	-0.0182961	-0.00920743	-0.0219508	-0.016263	0.17487	-0.018963	0.151966	-0.0241839	-0.0163213	-0.0330567	-0.0320418	0.0979344	-0.0143793	-0.0103214	-0.0182579	-0.0101953	-0.0162851	-0.0227746	-0.0250779	0.00123499	-0.0147739	-0.000312407	-0.00919734	-0.00399899	-0.0454067	-0.0108894	-0.00686604	0.00274785	-0.0119035	-0.0157915	-0.0305614	-0.0676175	-0.0286762	-0.0201009	-0.0126795	0.627091	-0.0129493	-0.029005	-0.0130594	-0.0308168	-0.00921211	-0.00852915	-0.0191328	-0.0282181	-0.00853947	0.150189	-0.013205	-0.0242442
-0.262271	-0.290332	-0.404144	-0.232423	0.115915	1	-0.441664	-0.559572	0.176017	0.390089	-0.0999185	0.298105	0.11256	-0.322223	0.0972518	-0.235478	-0.130665	0.324292	0.0963345	0.177118	-0.127206	-0.113638	0.213062	-0.3968	-0.151568	-0.106474	-0.0399223	-0.181221	-0.119407	0.126373	-0.107726	0.133749	0.553484	-0.252041	0.392892	0.119249	-0.812575	-0.626895	-0.117839	0.140784	-0.309397	0.181272	-0.130533	-0.478405	-0.0801838	-0.131178	-0.321885	-0.600485	0.129456	-0.384659	-0.250357	0.0130511	0.28368	-0.107477	-0.13499	-0.166788	-0.0728784	-0.178283	-0.18108	-0.0511889	-0.180994	-0.0782767	-0.297976	0.0453413	-0.0139267	-0.108563	0.0668871	0.0162824	0.203994	0.0570957	0.14438	0.0868697	0.17866	0.0391966	0.168961	0.0096161	-0.134544	0.0803062	-0.0768171	-0.112476	-0.124221	0.162156	0.0766231	-0.142129	0.1409	-0.0328204	0.0761389	-0.0690514	-0.179904	-0.105083	-0.131525	0.241193	-0.133967	0.0192287	-0.0347237	0.152288	-0.0720567	-0.0624334	-0.0955521
-0.0656646	-0.199334	0.939535	0.531593	-0.0450424	-0.441664	1	-0.248511	-0.0838815	-0.181358	-0.0463184	-0.132166	-0.0520734	0.396646	-0.046673	-0.116209	0.296563	-0.141324	-0.0437328	-0.0817516	-0.0599085	-0.0563881	-0.096004	-0.180328	-0.0682747	-0.0530894	-0.0314941	-0.0783569	-0.0492656	-0.0580627	-0.0433854	-0.0535193	-0.24911	-0.11527	-0.31023	-0.0480741	0.499356	0.0435073	-0.0505461	-0.064764	0.703329	-0.0973926	-0.0240318	0.825325	0.0129816	0.303366	0.624923	0.433596	-0.0454162	-0.145554	-0.127402	-0.0557157	-0.127174	-0.0440469	-0.0634629	0.31662	-0.116095	0.409332	-0.0696033	0.174493	-0.0733755	-0.0271205	0.268035	0.0216142	0.0845705	0.00894176	0.0220638	0.0594464	-0.0406908	0.0205192	-0.0528875	-0.0308476	-0.0545176	0.0548053	-0.0718458	-0.102773	-0.064303	-0.0241989	-0.0711739	-0.0694101	-0.0571205	-0.0421317	-0.199309	-0.0388792	-0.0706071	0.145435	-0.0389937	-0.0462511	0.301212	-0.0440161	-0.0803483	-0.118774	-0.0665378	-0.0785687	0.144431	-0.064703	-0.01356	-0.0373415	0.0428818
0.42778	0.602878	-0.240097	-0.122837	-0.0677569	-0.559572	-0.248511	1	-0.0899357	-0.226471	0.182722	-0.167535	-0.0652329	-0.188413	-0.0497169	-0.121222	-0.0687198	-0.176806	-0.0598436	-0.0937401	-0.0815624	0.200677	-0.117503	0.712148	0.26557	-0.0658554	0.101708	0.330618	0.198356	-0.0719831	-0.0591549	-0.0764407	-0.314845	0.461072	-0.311937	-0.0653593	0.53312	0.659804	0.214106	-0.0682891	-0.164356	-0.115136	0.217236	-0.264637	0.103754	-0.0695207	-0.229703	0.351789	-0.0752397	0.684521	0.475304	0.0567804	-0.146156	0.191244	0.254233	-0.0159088	-0.132625	-0.0681439	0.243347	-0.083268	0.176711	0.00452099	0.149976	-0.048205	-0.0114563	-0.0765064	-0.0732936	-0.0491401	-0.139679	-0.0582656	-0.0815484	-0.0506225	-0.108518	-0.0669855	-0.0887855	0.0326503	0.231031	-0.0523951	0.174298	0.171038	0.112151	-0.111431	-0.0164768	0.228167	-0.0698559	-0.0681743	-0.029374	0.143367	-0.021423	0.169045	0.0707873	-0.114129	-0.0780864	-0.0760802	-0.0527799	-0.0686656	0.117046	0.116002	0.104229
-0.0366039	-0.0902176	-0.0866717	-0.0452783	-0.0189454	0.176017	-0.0838815	-0.0899357	1	-0.0516707	-0.0299495	-0.0470139	-0.0292004	-0.0507081	-0.0257819	-0.0509982	-0.0302736	-0.0596327	-0.00355425	0.159832	-0.0223701	-0.0248036	-0.0320946	-0.0699019	-0.0337351	-0.0375639	-0.0219877	-0.0231619	-0.0148085	-0.0113536	-0.022065	-0.0218559	0.232169	-0.0381324	-0.0542869	-0.0134582	-0.0566206	-0.0122935	-0.0132422	0.633165	-0.062928	-0.0215135	-0.0316477	-0.0842725	-0.0257551	-0.0211663	-0.103083	-0.0656617	-0.0209666	0.0327805	-0.0379103	-0.0221795	-0.051331	-0.016832	-0.0272733	-0.0616514	-0.0621872	-0.027376	0.0954722	-0.00921624	0.105834	-0.0409637	0.0623799	-0.00908832	-0.0311146	-0.0263243	-0.00468749	0.0783913	0.140498	-0.0197654	-0.0276141	-0.00541954	-0.038082	0.174355	-0.0269878	0.0704995	-0.0135005	-0.0183644	0.0402997	-0.0206148	-0.0260189	-0.0166128	-0.123655	-0.00939634	-0.0282174	-0.0115571	-0.0305418	-0.00417796	-0.0520501	-0.00639931	-0.0324518	-0.0449321	-0.0317811	-0.0322366	0.0412762	-0.0318567	-0.0166854	-0.0149782	-0.0330476
-0.106682	-0.183028	-0.17121	-0.0955684	-0.0384539	0.390089	-0.181358	-0.226471	-0.0516707	1	-0.0486174	-0.119175	-0.0429838	-0.140595	-0.0401686	-0.0836006	-0.0517139	-0.117669	-0.0345953	-0.067315	-0.0336198	-0.04241	-0.0778396	-0.170446	-0.06967	-0.0125369	-0.0375507	-0.0841873	-0.0420093	0.293632	-0.0491502	-0.0520993	0.700598	-0.112782	-0.253232	0.297878	-0.361872	-0.285281	-0.0512434	-0.0407851	-0.129973	0.521356	-0.066593	-0.204769	-0.0418546	-0.0559318	-0.19403	-0.300474	-0.0545163	-0.156818	-0.0645618	0.119223	-0.0999771	-0.0498768	-0.0651126	-0.108147	-0.0656396	-0.0319369	-0.120285	-0.0631146	-0.099654	-0.0908724	-0.126562	0.167403	0.130006	-0.0568528	0.0345201	-0.0408448	0.232549	0.209259	-0.0584375	0.243765	-0.0928725	0.0422379	0.420352	0.272959	-0.0530029	0.0620748	-0.0559172	-0.045482	-0.0362579	0.458382	-0.276467	-0.0568761	-0.05043	-0.034461	-0.0425792	-0.0298297	-0.0598597	-0.0383065	-0.024536	-0.0894503	-0.0374396	-0.061132	-0.0690524	0.297653	-0.0424618	0.0167101	-0.0692601
-0.023299	0.203042	-0.0477242	-0.0147503	-0.0211915	-0.0999185	-0.0463184	0.182722	-0.0299495	-0.0486174	1	-0.0168525	-0.0103015	-0.0418985	-0.0151287	-0.0245852	-0.00744943	-0.0239577	-0.00848465	-0.00918061	-0.013871	-0.0127718	-0.0138851	0.251479	-0.019617	-0.00216113	-0.00954849	-0.0146953	-0.00740523	-0.0126391	-0.0181911	-0.0248458	-0.0700735	-0.0270332	-0.054246	-0.0205834	0.112098	0.141013	-0.00968643	-0.0215047	-0.0233576	-0.0276203	-0.01856	-0.0536901	-0.0139941	-0.00374478	-0.0606686	0.107434	-0.0239974	0.19968	-0.0371932	-0.0154258	-0.018018	-0.00962901	-0.00355437	-0.0575022	-0.0258377	0.0756008	0.0373359	-0.00952665	0.139165	0.00410036	0.0919601	-0.0160503	0.256085	-0.00531659	-0.0121336	-0.0178177	-0.0416174	-0.016478	0.00780803	-0.00162544	-0.0164256	-0.0249331	-0.0209511	0.082872	-0.0229549	-0.00860242	-0.050118	-0.0174793	-0.00969838	-0.03334	-0.0492876	-0.0249299	-0.0130841	-0.00539288	-0.0265475	-0.0193598	-0.0176211	-0.0189007	-0.0238611	-0.0127888	-0.00851842	0.00431044	-0.0177995	-0.0169874	-0.00863476	-0.0195234	-0.0144662
-0.0856918	-0.142666	-0.109295	-0.0701153	-0.00792676	0.298105	-0.132166	-0.167535	-0.0470139	-0.119175	-0.0168525	1	-0.0287172	-0.101861	-0.0374668	-0.0647411	-0.0366134	-0.107809	0.306441	0.485652	-0.0306785	-0.0342058	-0.0582205	-0.121165	-0.0435647	-0.0395005	-0.0273513	-0.0667937	-0.0388698	-0.0212946	-0.037657	-0.0165256	-0.163093	-0.0845514	0.435857	-0.0425516	-0.26212	-0.208328	-0.033985	-0.035028	-0.0923817	-0.0632083	-0.0526816	-0.144148	-0.0320476	-0.0341973	-0.168262	-0.27381	-0.0463244	-0.15157	-0.100187	-0.0342528	-0.0704899	-0.0303111	-0.0523525	-0.110789	-0.0814821	-0.0922741	-0.142492	-0.0255152	-0.077465	0.141674	-0.20833	-0.0289264	-0.025697	0.0217203	0.0140439	-0.0267339	-0.0969087	-0.0319021	-0.0499894	-0.0290245	0.679857	-0.0370578	-0.0516728	-0.105151	-0.0484443	-0.0215814	-0.112788	-0.0292784	-0.0486563	-0.0663914	0.306596	-0.0444961	-0.0227324	-0.0305477	-0.0223684	-0.0230662	-0.0501923	-0.0336477	-0.0654129	-0.0882548	-0.0396754	-0.0585231	-0.0524483	0.0665811	-0.0295884	-0.0369541	-0.0396595
-0.0183178	0.21207	-0.0481512	-0.0247425	-0.0131483	0.11256	-0.0520734	-0.0652329	-0.0292004	-0.0429838	-0.0103015	-0.0287172	1	-0.0378173	-0.00175665	-0.0203336	-0.0129796	-0.0276036	-0.00472249	-0.0200373	-0.00203414	-0.0183592	0.533989	-0.0416915	-0.0157099	-0.0186066	-0.0111213	-0.0202441	-0.0173734	-0.0104358	-0.0152158	-0.0104918	0.19861	-0.0253666	-0.0706677	-0.0180505	-0.102225	-0.0799442	-0.0193957	-0.0232982	-0.0389399	-0.0229197	-0.0184396	-0.060147	-0.0114857	-0.0198583	0.172795	0.105635	-0.011135	-0.0607388	-0.0480517	-0.020839	-0.0249788	-0.0197799	-0.0151461	-0.0550392	-0.0164704	-0.0550228	0.17238	-0.000232056	-0.0382623	-0.0306695	0.107371	-0.0211877	-0.0240306	-0.0186884	-0.00698022	-0.015544	-0.0260039	-0.0151525	-0.0171123	-0.0220443	-0.0221199	-0.0109654	-0.0182177	-0.0477293	-0.0156247	-0.0101813	0.217102	-0.0195612	-0.0235413	-0.0326064	-0.0733009	-0.02173	0.608802	0.00982844	-0.0131303	-0.0100012	-0.0348548	-0.0201877	-0.0154329	-0.0297494	-0.00273685	-0.00404549	-0.0107341	-0.0268458	-0.0105699	-0.0153485	-0.0224654
-0.0931142	-0.1579	0.387646	-0.0716083	-0.0421386	-0.322223	0.396646	-0.188413	-0.0507081	-0.140595	-0.0418985	-0.101861	-0.0378173	1	-0.0287989	-0.0768109	-0.0327038	-0.0949248	-0.0242603	-0.0594311	-0.0311094	-0.0382299	-0.069061	-0.135696	-0.0467186	-0.052844	-0.028706	-0.0670389	-0.0361391	-0.0436176	0.341794	-0.0461169	-0.188184	-0.0961138	-0.22258	-0.0373072	0.366902	0.449989	-0.032521	-0.0390555	-0.0786545	-0.0727719	-0.0523147	0.603094	-0.037922	-0.0462737	0.443403	0.307037	-0.0420601	-0.0989047	-0.111361	-0.0377347	-0.0932565	-0.0316474	-0.0513648	0.0816297	-0.0833404	-0.072492	0.11644	0.245734	0.151437	0.189791	0.0614014	-0.00682588	-0.0498591	0.334959	-0.021841	0.106907	-0.00677816	-0.0534327	-0.0448639	-0.0265563	-0.0266864	0.0993569	-0.0654474	0.0749537	-0.0462925	-0.00537571	-0.0303731	0.0295763	-0.0546136	-0.0379054	-0.014931	-0.0240115	-0.0494177	0.215458	-0.0387328	-0.0343314	-0.0550361	-0.0351268	0.172926	-0.0768432	-0.0376324	-0.0585037	0.225607	-0.0351695	0.00353077	-0.0194708	0.0926691
-0.00770992	-0.0468031	-0.0462081	-0.024644	-0.0192788	0.0972518	-0.046673	-0.0497169	-0.0257819	-0.0401686	-0.0151287	-0.0374668	-0.00175665	-0.0287989	1	-0.0220264	-0.0102057	0.304407	-0.0175624	-0.0231616	-0.0135717	-0.00912153	-0.0220415	-0.0346426	-0.0152045	-0.0128066	-0.0180443	-0.00736568	-0.0126886	-0.0132821	-0.0104357	-0.0180582	-0.0613408	-0.0121415	0.14591	-0.0224573	-0.0835173	-0.0660974	-0.0100009	-0.0179434	-0.0291188	-0.0246666	-0.0164363	-0.0429467	-0.00565868	-0.0140221	-0.0556076	-0.0925227	0.00375665	-0.0533277	-0.0299464	-0.0169823	0.35549	-0.0157654	-0.0172118	-0.040285	-0.0172162	-0.0479056	-0.0652521	-0.0206272	-0.0358497	-0.0266234	-0.0960299	-0.0173643	-0.0128978	-0.0151124	-0.0122306	-0.0143876	0.321073	-0.0193735	-0.00642984	-0.0136175	-0.0263451	-0.010193	-0.0157124	-0.043501	-0.0188229	-0.0151386	-0.0468855	-0.0135567	-0.0228164	-0.0246746	-0.0625049	-0.0075334	-0.0143542	-0.0108733	-0.0199652	0.000107031	-0.0208692	-0.0113864	-0.0203624	-0.0216493	-0.0185504	0.0132878	-0.0225844	-0.0199624	-0.00900277	-0.0063253	-0.00850255
-0.0569368	-0.114134	-0.115979	-0.0619076	-0.0212905	-0.235478	-0.116209	-0.121222	-0.0509982	-0.0836006	-0.0245852	-0.0647411	-0.0203336	-0.0768109	-0.0220264	1	-0.0402791	-0.0966104	-0.0209482	-0.0423975	0.575393	-0.0258309	-0.0510577	-0.0902009	-0.0374182	0.496086	-0.0258775	-0.0391366	-0.0111603	-0.0161994	-0.0323177	-0.0297362	-0.130499	-0.0555487	0.346691	-0.0271089	-0.212363	-0.157763	-0.0301216	-0.0465693	-0.0904139	-0.0405791	-0.0337758	-0.132006	-0.0144706	-0.0398309	-0.157355	-0.219972	-0.0381913	-0.100317	-0.0613088	-0.0223517	-0.0774405	-0.0247951	-0.036839	-0.10187	0.69568	-0.112056	0.00768786	0.0141899	-0.0141249	-0.0455433	-0.0807562	-0.0236225	-0.0522432	-0.0311596	-0.031466	-0.0264718	-0.0659029	-0.0200807	-0.040955	-0.0246795	-0.0487568	-0.040601	-0.0442247	-0.0410141	-0.0149112	-0.0332135	0.0315165	-0.0388555	0.195659	-0.0495373	0.152854	-0.0407626	-0.0411066	-0.0292725	-0.0259947	-0.0240206	-0.0733136	-0.00510686	0.0183666	-0.084494	0.569662	0.274632	-0.0464843	-0.0547051	-0.0222026	-0.0199098	-0.0289598
-0.0161625	-0.0658126	0.295665	-0.0376604	-0.0200759	-0.130665	0.296563	-0.0687198	-0.0302736	-0.0517139	-0.00744943	-0.0366134	-0.0129796	-0.0327038	-0.0102057	-0.0402791	1	-0.046425	-0.0165881	-0.0332532	-0.0224838	-0.00997079	-0.0295943	-0.052083	-0.0194972	-0.0157906	-0.00934879	-0.0252506	-0.0148116	-0.0162465	-0.0115453	-0.0162619	-0.0737576	-0.0370002	-0.096006	-0.0062135	0.154679	-0.0843439	-0.0143663	-0.0203866	0.425679	-0.0357439	-0.0305287	0.270091	-0.0191332	-0.0205762	0.209577	0.13408	-0.0126368	-0.065213	-0.0435552	-0.0143732	-0.0381719	-0.00516912	-0.0200597	0.284533	-0.0392618	0.219714	-0.0605247	-0.022547	-0.0368336	-0.033999	0.115657	-0.0181512	0.387197	-0.0303647	0.13215	-0.0178705	-0.0214278	0.012184	-0.0200225	-0.0117234	-0.0207566	0.0167719	-0.00520872	-0.0451892	-0.0146368	-0.00353903	-0.0323253	-0.0198439	-0.00969291	-0.0321315	-0.0841157	-0.0202013	-0.0182423	-0.00902634	0.0390194	-0.016896	0.0241061	-0.0061107	-0.0236189	-0.04422	-0.0222583	-0.0303929	-0.0268119	-0.0104696	-7.2062e-06	-0.0130315	-0.0219691
-0.0831407	-0.15976	-0.135047	-0.0686058	-0.0284316	0.324292	-0.141324	-0.176806	-0.0596327	-0.117669	-0.0239577	-0.107809	-0.0276036	-0.0949248	0.304407	-0.0966104	-0.046425	1	-0.0201367	-0.0700996	-0.0586831	-0.0488284	-0.0713884	-0.134057	-0.047512	-0.0505873	-0.0317504	-0.0713156	-0.0519435	-0.031328	-0.0193059	-0.0264102	-0.176864	-0.0879952	0.466474	-0.0306634	-0.273283	-0.210238	-0.0278656	-0.0557788	-0.0975817	-0.0567872	-0.0543484	-0.149234	-0.035034	-0.0445069	-0.173412	-0.278573	-0.0346484	-0.151158	-0.0911851	-0.0291694	0.871854	-0.0243693	-0.0642348	-0.120914	-0.0953692	-0.133336	-0.148711	-0.0429743	-0.0808046	-0.0667279	-0.24248	-0.0411469	-0.054111	-0.0366139	-0.0360575	0.0602235	0.0654016	-0.0361193	0.428593	-0.0305561	-0.0730863	-0.0538016	-0.0594488	-0.107007	-0.0377379	-0.0314039	-0.108385	-0.0324338	-0.0469344	-0.0658748	0.229435	-0.0439347	-0.050728	-0.0183971	-0.031636	-0.027566	-0.0753461	-0.0320335	-0.0624216	0.733207	-0.0638383	-0.0435344	0.0168279	-0.064528	-0.0342913	-0.032781	-0.0266186
-0.0319432	-0.0421033	-0.0447624	-0.0140379	-0.0124119	0.0963345	-0.0437328	-0.0598436	-0.00355425	-0.0345953	-0.00848465	0.306441	-0.00472249	-0.0242603	-0.0175624	-0.0209482	-0.0165881	-0.0201367	1	-0.0274646	-0.00305414	-0.00229973	-0.00461122	-0.0479866	-0.00576149	-0.015426	-0.0111012	-0.0220417	-0.0211482	-0.0119628	-0.0144745	-0.0165416	-0.0417474	-0.0320476	0.136061	0.00286755	-0.0891326	-0.0696666	-0.0176411	-0.0036853	-0.0241873	-0.00503411	-0.0173455	-0.0417319	-0.0146562	-0.00789718	-0.0469243	-0.0826711	-0.0196656	-0.0498703	-0.0341841	-0.0106905	-0.00789433	-0.00928398	-0.0188129	-0.0366124	-0.0280459	-0.0290075	-0.0579341	-0.0146589	-0.0279619	-0.0334914	-0.0714551	-0.0111094	-0.00679693	-0.0218672	0.00353906	-0.0176442	-0.0405782	-0.0180833	-0.01557	-0.000906211	0.392761	-0.0196617	-0.0229815	-0.0318792	-0.0205093	0.008093	-0.0418278	-0.00765191	-0.024209	-0.0161034	0.110868	-0.0146918	-0.00443154	-0.014796	-0.0184284	-0.0103202	-0.00670381	-0.00962159	-0.026362	-0.0116885	-0.0127443	-0.0246541	-0.0262897	-0.0168491	-0.01687	-0.0108631	-0.00554975
-0.0482146	-0.0866996	-0.0478254	-0.0483498	-0.017069	0.177118	-0.0817516	-0.0937401	0.159832	-0.067315	-0.00918061	0.485652	-0.0200373	-0.0594311	-0.0231616	-0.0423975	-0.0332532	-0.0700996	-0.0274646	1	-0.0213697	-0.0243297	-0.0395615	-0.0678813	-0.0374756	-0.0287143	-0.013252	-0.0351059	-0.0146822	-0.0118771	-0.0206859	-0.0191701	-0.101639	-0.0460801	0.25739	-0.0333681	-0.151861	-0.117856	-0.00691929	-0.0288112	-0.0668385	-0.0271119	-0.0334996	-0.0883907	-0.0190288	-0.0119963	-0.101429	-0.162268	-0.0308152	-0.0894166	-0.061674	-0.0341516	-0.0552928	-0.0188162	-0.0266635	-0.0724585	-0.056533	-0.0347526	-0.0149115	-0.0102771	-0.039598	0.322562	-0.0536623	-0.0149324	-0.0166458	0.0782013	0.0825725	-0.0120089	-0.0608879	-0.0161387	-0.0331111	-0.001896	-0.0479357	0.173384	-0.0361272	-0.0481915	-0.0283589	-0.0171503	-0.00515478	-0.015348	-0.021011	-0.029673	0.107814	-0.0279271	-0.0312317	-0.00866697	-0.0189163	-0.0149217	-0.00903963	-0.025007	-0.027869	-0.0548755	-0.0190166	-0.0370961	-0.0255643	-0.0380773	-0.0218781	-0.0188563	-0.0304843
-0.0398014	-0.0745701	-0.0607719	-0.0358135	-0.0230556	-0.127206	-0.0599085	-0.0815624	-0.0223701	-0.0336198	-0.013871	-0.0306785	-0.00203414	-0.0311094	-0.0135717	0.575393	-0.0224838	-0.0586831	-0.00305414	-0.0213697	1	-0.0222407	-0.0285238	-0.06362	-0.0258273	-0.020825	-0.0171778	-0.0299941	-0.00727902	-0.0153974	-0.00725309	-0.0250875	-0.0650745	-0.0400417	0.191935	-0.00535801	-0.121217	-0.0904852	-0.0104591	-0.0279498	-0.0494064	-0.0127819	-0.0202677	-0.0706624	-0.0081161	-0.0253672	-0.0835298	-0.124114	-0.020636	-0.0603614	-0.0324651	0.00675091	-0.046709	-0.0150388	-0.0263864	-0.0543667	0.375358	-0.0687514	-0.0249521	-0.0212104	0.0395054	-0.0402645	-0.0732644	-0.0175949	-0.0221142	-0.0229827	-0.0167007	-0.0139162	-0.0366038	-0.0192421	-0.0218925	-0.0110995	-0.017402	-0.0216454	-0.0172868	0.0231238	-0.0134068	-0.0210574	-0.0479574	-0.0218104	-0.0154788	-0.0187155	0.109934	-0.0259373	-0.0245406	-0.0153233	-0.012275	-0.0120767	-0.0438367	-0.00519274	0.0805929	-0.04607	0.612228	-0.0248484	-0.0234843	-0.0182109	-0.00893863	-0.0165844	-0.0185089
-0.0236517	0.227736	-0.0473478	-0.0325945	-0.0153999	-0.113638	-0.0563881	0.200677	-0.0248036	-0.04241	-0.0127718	-0.0342058	-0.0183592	-0.0382299	-0.00912153	-0.0258309	-0.00997079	-0.0488284	-0.00229973	-0.0243297	-0.0222407	1	-0.0204485	-0.0401851	-0.0222503	-0.0114804	-0.0038818	-0.00710566	-0.0122272	-0.00978866	-0.0175592	-0.0171179	-0.0629358	-0.0189176	0.175036	-0.0168591	-0.109352	-0.0833415	-0.0218487	-0.0259975	-0.044352	-0.0204669	-0.0273936	-0.0624615	-0.00985014	-0.0165012	-0.0760667	-0.117769	0.00570102	-0.0597484	-0.0527686	-0.019406	-0.0434744	-0.0136369	0.00292898	-0.0449019	-0.0222759	-0.0573807	-0.065341	-0.0191749	-0.021097	-0.0205675	-0.102924	-0.0159534	-0.0131371	-0.011214	-0.00689643	-0.0148539	-0.0329564	-0.0186023	-0.0210092	-0.0190731	-0.0256519	-0.0207511	-0.0249637	-0.0209806	-0.0223824	-0.00873755	-0.0531711	-0.0192238	-0.0221443	-0.0200487	0.128936	-0.0204857	-0.0170216	-0.0181468	-0.016149	-0.0123236	-0.038147	-0.0184084	0.00136015	-0.0416511	-0.0182725	-0.00393134	-0.0253948	-0.0233793	-0.013612	-0.00345219	-0.0207564
-0.0437002	0.399161	-0.0952515	-0.0418183	-0.0302608	0.213062	-0.096004	-0.117503	-0.0320946	-0.0778396	-0.0138851	-0.0582205	0.533989	-0.069061	-0.0220415	-0.0510577	-0.0295943	-0.0713884	-0.00461122	-0.0395615	-0.0285238	-0.0204485	1	-0.0790427	-0.0401917	-0.02494	-0.0267131	-0.0388761	-0.0156591	-0.024366	-0.0244163	-0.0308418	0.377256	-0.0481592	-0.14273	-0.0283074	-0.190173	-0.152787	-0.0330001	-0.0294768	-0.0613894	-0.036039	-0.0495596	-0.105637	-0.0322169	-0.0277194	0.30828	0.18548	-0.0247508	-0.11348	-0.0858344	-0.0303022	-0.0604804	-0.0204305	-0.0328906	-0.0735702	-0.0467567	-0.0791217	0.273332	0.0779095	-0.0504551	-0.0594761	0.189227	-0.0158236	-0.0413711	-0.0322772	-0.0249612	-0.0180875	-0.0419957	-0.027868	-0.0338941	-0.0268667	-0.0387533	-0.0219857	-0.0250287	-0.0655346	-0.0270613	-0.023319	0.350963	-0.030837	-0.00927429	-0.0476206	-0.134878	-0.0239217	0.692909	-0.018636	-0.0271838	-0.00584389	-0.054599	-0.0285457	-0.0322244	-0.0650594	-0.0302377	-0.0250888	0.024556	-0.0257132	-0.0180695	-0.0256469	-0.0375862
0.587257	0.755509	-0.172076	-0.0958324	-0.0494175	-0.3968	-0.180328	0.712148	-0.0699019	-0.170446	0.251479	-0.121165	-0.0416915	-0.135696	-0.0346426	-0.0902009	-0.052083	-0.134057	-0.0479866	-0.0678813	-0.06362	-0.0401851	-0.0790427	1	0.375886	-0.0536157	-0.0451007	0.481937	0.271604	-0.0564054	-0.0381524	-0.0526773	-0.23471	0.661198	-0.278931	-0.0515346	0.461744	0.504293	-0.0498831	-0.049707	-0.1207	-0.0913265	-0.067784	-0.188736	-0.0403651	-0.0465533	-0.12745	0.231438	-0.0600094	0.424266	-0.0680825	-0.0484769	-0.10452	0.267039	0.382893	-0.0435677	-0.104604	-0.00759483	0.0859141	-0.0433787	0.297424	0.000860678	0.0697512	-0.0217121	0.0105803	-0.052969	-0.0579049	-0.0481756	-0.0977544	-0.0299434	-0.0568236	-0.0363191	-0.0735622	-0.0532607	-0.0580751	0.133721	-0.0644929	-0.0410171	-0.0929346	0.236698	-0.0565203	-0.0858329	0.0428211	0.314992	-0.0562667	-0.0408314	-0.0549867	0.204195	0.0309936	-0.0474756	0.163254	-0.0932042	-0.0657599	-0.0474926	-0.0291057	-0.0349998	0.176914	0.161481	0.167873
-0.0398234	0.275239	-0.054485	-0.0383154	-0.0241099	-0.151568	-0.0682747	0.26557	-0.0337351	-0.06967	-0.019617	-0.0435647	-0.0157099	-0.0467186	-0.0152045	-0.0374182	-0.0194972	-0.047512	-0.00576149	-0.0374756	-0.0258273	-0.0222503	-0.0401917	0.375886	1	-0.0274153	-0.0109842	-0.0371047	-0.0205876	-0.0218883	-0.0140313	-0.0275988	-0.0920415	-0.040104	-0.105363	-0.0216224	0.176707	0.226713	-0.0121591	-0.00454374	-0.0482707	-0.0397135	-0.023925	-0.0703093	-0.00867016	-0.00956415	-0.0929748	0.156133	-0.0146331	0.294185	-0.0485428	-0.0112139	-0.0364178	-0.0145821	-0.0299506	-0.0614417	-0.0427829	-0.0301573	-0.0460627	-0.019537	0.0281897	-0.0281275	-0.0696478	-0.0177404	-0.028142	-0.0262237	-0.0185581	-0.0181558	-0.025196	-0.0244141	-0.0206427	-0.0135881	-0.0272063	-0.0136506	-0.0146214	-0.0648492	-0.0207015	-0.0102001	-0.0589487	-0.0263039	-0.0217251	-0.0455237	0.110122	-0.00944792	-0.0287769	-0.0212134	-0.0172671	-0.0133043	-0.0472958	-0.0125814	-0.0279014	-0.035603	-0.0303448	-0.0182577	0.0629993	-0.0200208	-0.0250488	-0.0139417	0.515795
-0.0452983	-0.0676221	-0.0521496	-0.0182093	-0.0071013	-0.106474	-0.0530894	-0.0658554	-0.0375639	-0.0125369	-0.00216113	-0.0395005	-0.0186066	-0.052844	-0.0128066	0.496086	-0.0157906	-0.0505873	-0.015426	-0.0287143	-0.020825	-0.0114804	-0.02494	-0.0536157	-0.0274153	1	-0.00819327	-0.0323397	-0.00631322	-0.0108206	-0.0247924	-0.014552	-0.0772557	-0.0393736	0.192643	-0.0143304	-0.115536	-0.0920994	-0.0192298	-0.0270591	-0.0395754	-0.0270231	-0.00963076	-0.0676219	-0.00331241	-0.0125989	-0.0847995	-0.119701	-0.0256371	-0.0566265	-0.0322793	-0.0127825	-0.0400246	-0.0103334	-0.0225669	-0.0516474	0.377734	-0.0590115	0.13942	0.0755739	-0.0400365	-0.0251333	0.0762191	-0.01668	-0.0251056	-0.0127544	-0.0216819	0.000159777	-0.0381382	-0.0206434	-0.0261693	-0.014226	-0.0319636	-0.025981	-0.0381274	-0.0524271	-0.00708376	-0.0240603	0.194368	-0.0208641	0.451454	-0.0304081	-0.0361741	-0.0128613	-0.0159786	-0.0109607	-0.0145319	-0.0155933	-0.0331197	0.00288774	-0.0287915	-0.0436464	-0.024632	0.110184	-0.017681	-0.0427371	-0.0148374	-0.00362816	-0.0193378
-0.0319151	-0.0523888	-0.0329376	-0.021084	-0.00270019	-0.0399223	-0.0314941	0.101708	-0.0219877	-0.0375507	-0.00954849	-0.0273513	-0.0111213	-0.028706	-0.0180443	-0.0258775	-0.00934879	-0.0317504	-0.0111012	-0.013252	-0.0171778	-0.0038818	-0.0267131	-0.0451007	-0.0109842	-0.00819327	1	-0.0348918	-0.0122005	-0.017597	-0.00984955	-0.00834376	-0.0591923	-0.0342547	-0.0616389	-0.0222871	0.108485	0.131631	-0.000256991	-0.0216477	-0.0248244	-0.00435586	0.570354	-0.0383576	0.746944	-0.0136045	-0.0526438	0.0958497	-0.00814966	0.179269	0.270596	-0.00648885	-0.0279555	-0.00539622	-0.0234721	-0.0346804	-0.0250111	-0.0375372	-0.0390056	-0.0234773	-0.0323159	0.267822	-0.0618377	-0.0123882	-0.0120162	-0.0113366	-0.0157567	-0.0140781	-0.0276974	-0.0228702	-0.0135113	-0.0131685	-0.0125199	-0.0131222	-0.0117732	-0.0301772	-0.0215487	-0.0147153	-0.0231253	-0.0129748	-0.00218069	-0.0225029	0.0881071	-0.013182	-0.0205025	-0.00549775	-0.0106933	-0.0114369	-0.0169732	-0.0108258	-0.0193854	-0.0225768	-0.014664	-0.0156894	-0.0190413	-0.0137066	-0.00353347	-0.011619	-0.0135803
0.597176	0.349151	-0.0777381	-0.0481156	-0.0193238	-0.181221	-0.0783569	0.330618	-0.0231619	-0.0841873	-0.0146953	-0.0667937	-0.0202441	-0.0670389	-0.00736568	-0.0391366	-0.0252506	-0.0713156	-0.0220417	-0.0351059	-0.0299941	-0.00710566	-0.0388761	0.481937	-0.0371047	-0.0323397	-0.0348918	1	-0.0253236	-0.0336525	-0.0233104	-0.0179686	-0.109866	0.737492	-0.14044	-0.0195199	0.225112	0.287026	-0.0264753	-0.0171064	-0.0553982	-0.0373939	-0.0346063	-0.0812034	-0.0266401	-0.02504	-0.105012	0.139064	-0.0323736	0.288891	0.0650984	-0.0288455	-0.0539238	-0.0264527	0.708525	-0.0676367	-0.0533224	-0.0694704	0.11267	-0.00743339	0.330748	0.102813	0.0430539	-0.0229665	-0.0297427	-0.020964	-0.0270154	-0.0185127	-0.0414858	-0.01169	-0.0328889	-0.00769324	-0.0244616	-0.0380972	-0.0304925	0.22758	-0.0284017	-0.0172673	-0.0881039	-0.0361293	-0.0373811	-0.0457573	0.0113408	-0.0329122	-0.0252869	-0.0168052	-0.0208437	-0.019252	-0.0607795	-0.0152303	0.372359	-0.0606146	-0.0259485	-0.0315756	-0.025334	0.00807593	-0.0365078	0.335772	-0.0256159
-0.0344308	0.215595	-0.0513798	-0.0198708	-0.0141824	-0.119407	-0.0492656	0.198356	-0.0148085	-0.0420093	-0.00740523	-0.0388698	-0.0173734	-0.0361391	-0.0126886	-0.0111603	-0.0148116	-0.0519435	-0.0211482	-0.0146822	-0.00727902	-0.0122272	-0.0156591	0.271604	-0.0205876	-0.00631322	-0.0122005	-0.0253236	1	-0.00823784	0.000632897	-0.0119254	-0.0630872	-0.0399049	-0.0785937	-0.00788775	0.127244	-0.0836737	-0.0206698	-0.018067	-0.030765	-0.021384	-0.0149802	-0.050013	-0.00850633	-0.0180514	-0.0614885	0.120923	-0.0268358	0.215397	-0.0315279	-0.00242657	-0.0392744	-0.0168546	-0.0171335	-0.046642	-0.0217428	-0.049896	0.162382	-0.022838	-0.0224627	-0.0269401	0.104279	0.0642528	-0.0262343	-0.0161495	-0.012279	-0.0134123	-0.0352892	-0.0107532	-0.0224713	-0.0183694	-0.0244807	0.0119828	-0.0206025	-0.00545027	-0.0118064	-0.015832	0.199838	-0.0208385	-0.0228614	0.00545347	-0.0869071	-0.0291676	-0.0176561	-0.01703	-0.00745469	-0.0113169	-0.0356339	-0.00915947	-0.00448152	-0.0495557	-0.010773	-0.0176017	-0.0279696	-0.0229537	0.723051	-0.00695403	-0.0216344
-0.0316371	-0.0639953	-0.0534795	-0.0435281	-0.0236717	0.126373	-0.0580627	-0.0719831	-0.0113536	0.293632	-0.0126391	-0.0212946	-0.0104358	-0.0436176	-0.0132821	-0.0161994	-0.0162465	-0.031328	-0.0119628	-0.0118771	-0.0153974	-0.00978866	-0.024366	-0.0564054	-0.0218883	-0.0108206	-0.017597	-0.0336525	-0.00823784	1	-0.0170163	-0.0204771	0.205454	-0.038585	-0.0601752	-0.0201753	-0.114996	-0.0898128	-0.0179404	-0.00637075	-0.0491118	-0.0232793	-0.0219136	-0.0713066	-0.0176603	-0.0289684	-0.0784871	-0.119743	-0.0176791	-0.0571792	-0.0378945	-0.00778362	-0.027502	-0.0167848	-0.024198	-0.0440185	-0.00927137	0.226213	-0.0668726	-0.0187289	-0.0324531	-0.0331695	0.120066	-0.0158985	-0.0202439	-0.034561	-0.00682432	-0.0110777	-0.0232091	0.760922	-0.026526	-0.0104036	-0.0333513	-0.0116249	-0.0271408	-0.0468268	-0.0190572	0.00354867	-0.0466805	-0.0188268	-0.0113658	-0.0349032	-0.0893923	-0.0150154	-0.0167796	-0.0138211	-0.00907389	-0.0120009	-0.0454487	-0.0141995	-0.0222096	-0.0355236	-0.0126885	-0.0139807	-0.0202564	-0.0270283	-0.00963335	-0.0216437	-0.0203992
-0.0321503	-0.0553939	-0.0470306	-0.0242725	-0.0120505	-0.107726	-0.0433854	-0.0591549	-0.022065	-0.0491502	-0.0181911	-0.037657	-0.0152158	0.341794	-0.0104357	-0.0323177	-0.0115453	-0.0193059	-0.0144745	-0.0206859	-0.00725309	-0.0175592	-0.0244163	-0.0381524	-0.0140313	-0.0247924	-0.00984955	-0.0233104	0.000632897	-0.0170163	1	-0.00899083	-0.0620073	-0.0321189	-0.0773254	-0.0171237	0.128031	0.158332	-0.0223413	-0.0222481	-0.0297488	-0.0236898	-0.0222126	0.219364	-0.0144996	-0.0185299	0.184224	0.121105	-0.0246906	-0.0519171	-0.0388102	-0.00753851	-0.0155275	-0.00570005	-0.0226242	-0.0349162	-0.0374487	-0.0432406	0.161785	-0.016357	0.372172	-0.0317217	0.111723	-0.00388078	-0.0195453	-0.0245507	-0.012811	-0.0224387	-0.0233519	-0.020231	-0.00598472	-0.0166799	-0.0287463	-0.00904687	-0.0220849	0.275027	-0.0110107	-0.00457305	-0.0551303	-0.0074754	-0.0307906	-0.0280608	-0.077768	-0.00867941	-0.0323103	-0.0100372	-0.0038381	-0.00893424	-0.0290103	-0.0107391	0.507276	-0.00103098	-0.0151095	-0.0341091	-0.0288762	-0.0248601	-0.00510576	-0.0199133	-0.0178516
-0.0318099	-0.0683952	-0.0546671	-0.0282798	0.874916	0.133749	-0.0535193	-0.0764407	-0.0218559	-0.0520993	-0.0248458	-0.0165256	-0.0104918	-0.0461169	-0.0180582	-0.0297362	-0.0162619	-0.0264102	-0.0165416	-0.0191701	-0.0250875	-0.0171179	-0.0308418	-0.0526773	-0.0275988	-0.014552	-0.00834376	-0.0179686	-0.0119254	-0.0204771	-0.00899083	1	0.201655	-0.0320256	-0.0602663	-0.0166311	-0.117235	-0.0960855	-0.025218	-0.0225138	-0.0369885	-0.0367076	-0.0191537	-0.0615166	-0.00970579	-0.00647272	-0.0730104	-0.0867155	-0.0144538	-0.0259615	-0.0449831	-0.0153649	-0.0117096	-0.0217233	-0.0105549	0.217432	-0.0282429	0.189062	-0.0282958	-0.0158598	-0.0187686	-0.0397727	0.122616	-0.0197382	-0.0128442	-0.0229046	-0.0102248	-0.0217538	-0.0284654	-0.0214588	-0.00250004	-0.0190034	-0.00880305	-0.0115605	-0.0124235	-0.0375345	-0.0192044	-0.00444317	-0.014987	-0.0156444	-0.0242783	-0.0377029	-0.0826087	-0.0304515	-0.0193373	-0.0139261	0.747092	-0.0122988	-0.0342426	-0.018256	-0.0263313	-0.0106736	-0.0126187	-0.0248429	-0.0342608	-0.0167442	0.128076	-0.00801543	-0.0313191
-0.142166	-0.026005	-0.221951	-0.132889	0.174309	0.553484	-0.24911	-0.314845	0.232169	0.700598	-0.0700735	-0.163093	0.19861	-0.188184	-0.0613408	-0.130499	-0.0737576	-0.176864	-0.0417474	-0.101639	-0.0650745	-0.0629358	0.377256	-0.23471	-0.0920415	-0.0772557	-0.0591923	-0.109866	-0.0630872	0.205454	-0.0620073	0.201655	1	-0.152033	-0.380356	0.205174	-0.468237	-0.359202	-0.0787708	0.25329	-0.177373	0.366161	-0.10222	-0.281291	-0.063095	-0.0764522	-0.0905808	-0.236847	-0.0711277	-0.195787	-0.14194	0.0583241	-0.146001	-0.0724865	-0.0831102	-0.0885547	-0.135344	-0.0407786	0.0238501	0.0081218	-0.0708591	-0.118067	-0.00356943	0.112144	0.0604051	-0.0873175	-0.00673746	-0.0103887	0.301045	0.135729	-0.0781763	0.158447	-0.121534	0.00806444	0.304763	0.198378	-0.0734333	0.0207314	0.0754056	-0.0698229	-0.0846211	0.318687	-0.349174	-0.0788156	0.25963	-0.0484197	0.140375	-0.0342605	-0.118859	-0.0583695	-0.053013	-0.137513	-0.0683496	-0.0839783	-0.0357797	0.204848	-0.0192946	-0.000430014	-0.0440077
0.887552	0.497369	-0.109021	-0.0663819	-0.0329145	-0.252041	-0.11527	0.461072	-0.0381324	-0.112782	-0.0270332	-0.0845514	-0.0253666	-0.0961138	-0.0121415	-0.0555487	-0.0370002	-0.0879952	-0.0320476	-0.0460801	-0.0400417	-0.0189176	-0.0481592	0.661198	-0.040104	-0.0393736	-0.0342547	0.737492	-0.0399049	-0.038585	-0.0321189	-0.0320256	-0.152033	1	-0.183206	-0.0314342	0.302083	0.378248	-0.0375689	-0.0310616	-0.0782892	-0.0575803	-0.0459239	-0.124863	-0.0262589	-0.0279177	-0.154034	0.00925666	-0.034775	0.180871	0.00422926	-0.0388418	-0.0695536	0.407337	0.576082	-0.106087	-0.0731549	-0.102614	0.0309205	-0.0255197	0.238685	0.0549763	-0.0557926	-0.0348602	-0.0418631	-0.0274407	-0.043781	-0.0254175	-0.0581785	-0.0149595	-0.0471297	-0.021617	-0.0413395	-0.0467798	-0.0429846	0.149389	-0.0467621	-0.0324186	-0.121417	-0.0508099	-0.0425029	-0.0562141	0.128887	0.481748	-0.0271077	-0.0244214	-0.0366841	0.312797	-0.0867126	-0.0328342	0.278724	-0.0586768	-0.0401961	-0.0375731	-0.0351121	-0.00610639	-0.0458796	0.253732	-0.0381823
-0.1808	-0.258507	-0.287265	-0.160262	-0.0502806	0.392892	-0.31023	-0.311937	-0.0542869	-0.253232	-0.054246	0.435857	-0.0706677	-0.22258	0.14591	0.346691	-0.096006	0.466474	0.136061	0.25739	0.191935	0.175036	-0.14273	-0.278931	-0.105363	0.192643	-0.0616389	-0.14044	-0.0785937	-0.0601752	-0.0773254	-0.0602663	-0.380356	-0.183206	1	-0.0827902	-0.605586	-0.472867	-0.0777533	-0.110299	-0.223358	-0.129089	-0.11673	-0.339941	-0.0728943	-0.0907756	-0.358813	-0.596967	0.188641	-0.337094	-0.218112	-0.0754943	0.404051	-0.0656461	-0.114468	-0.166393	0.371296	-0.219365	-0.233844	-0.0614283	-0.15683	-0.0342253	-0.382227	-0.0691341	-0.100174	-0.0526264	0.0613947	0.00474473	-0.101692	-0.0746056	0.202251	-0.0678941	0.27613	0.0147569	-0.130346	-0.210345	-0.0832243	0.049857	-0.145539	-0.0791991	0.0328678	-0.142424	0.510841	-0.101907	-0.0997635	-0.00813177	-0.0713677	-0.0578308	-0.111605	-0.0612305	-0.101949	0.343913	0.201678	0.229542	-0.034967	-0.0596336	-0.075641	-0.0688853	-0.08228
-0.0295155	-0.0631349	-0.0478528	-0.0258235	-0.014928	0.119249	-0.0480741	-0.0653593	-0.0134582	0.297878	-0.0205834	-0.0425516	-0.0180505	-0.0373072	-0.0224573	-0.0271089	-0.0062135	-0.0306634	0.00286755	-0.0333681	-0.00535801	-0.0168591	-0.0283074	-0.0515346	-0.0216224	-0.0143304	-0.0222871	-0.0195199	-0.00788775	-0.0201753	-0.0171237	-0.0166311	0.205174	-0.0314342	-0.0827902	1	-0.10806	-0.0866205	0.000414505	-0.00606046	-0.0338396	-0.0202391	-0.0348693	-0.0568376	-0.0257867	-0.0189946	-0.0677481	-0.0238119	-0.00744232	0.0458487	0.103807	0.376554	-0.0180312	-0.0215177	-0.0158339	-0.0532258	-0.0225934	0.0160466	0.0439083	-0.0158051	-0.0289205	-0.0537358	0.0586782	0.282835	-0.0245806	-0.0344136	0.215956	-0.0179234	-0.0327102	-0.0150373	-0.0172388	-0.00974194	-0.0188496	-0.0261905	-0.0195412	0.0695866	-0.010243	0.271388	0.0742075	-0.0154244	-0.00535994	0.128544	-0.0943935	-0.0275809	-0.0162578	-0.00150234	-0.0192015	-0.0168554	0.0681089	-0.0100103	-0.0199453	-0.0206012	-0.0122614	-0.0192478	-0.019937	-0.0204326	-0.0129421	-0.00316687	-0.0173574
0.290848	0.259284	0.453293	0.261739	-0.102372	-0.812575	0.499356	0.53312	-0.0566206	-0.361872	0.112098	-0.26212	-0.102225	0.366902	-0.0835173	-0.212363	0.154679	-0.273283	-0.0891326	-0.151861	-0.121217	-0.109352	-0.190173	0.461744	0.176707	-0.115536	0.108485	0.225112	0.127244	-0.114996	0.128031	-0.117235	-0.468237	0.302083	-0.605586	-0.10806	1	0.76105	0.143097	-0.116537	0.362355	-0.190688	0.197843	0.560064	0.121937	0.149898	0.409571	0.768946	-0.114766	0.493923	0.287832	0.00622101	-0.239383	0.124923	0.17822	0.205244	-0.22997	0.246366	0.197613	0.0499093	0.254955	0.134646	0.364078	-0.0322214	0.042827	0.125707	-0.050607	0.00151428	-0.168417	-0.0449773	-0.117011	-0.0725085	-0.150464	-0.020965	-0.138935	0.0611059	0.0755256	-0.0620602	0.0384635	0.13508	0.0401055	-0.144553	-0.173118	0.165975	-0.127801	0.0484035	-0.057753	0.0842205	0.206158	0.0153581	0.14212	-0.195592	-0.131445	-0.143285	0.0566381	-0.120722	0.0885626	0.062169	0.114857
0.323639	0.304601	0.0474446	-0.138772	-0.0829375	-0.626895	0.0435073	0.659804	-0.0122935	-0.285281	0.141013	-0.208328	-0.0799442	0.449989	-0.0660974	-0.157763	-0.0843439	-0.210238	-0.0696666	-0.117856	-0.0904852	-0.0833415	-0.152787	0.504293	0.226713	-0.0920994	0.131631	0.287026	-0.0836737	-0.0898128	0.158332	-0.0960855	-0.359202	0.378248	-0.472867	-0.0866205	0.76105	1	0.18277	-0.0805089	-0.209049	-0.151644	0.251393	0.14352	0.162293	-0.0990199	0.0715845	0.554529	-0.096069	0.601825	0.428711	0.0373811	-0.185883	0.156382	0.215432	0.0416393	-0.1794	-0.104851	0.302841	0.0945603	0.331697	0.188552	0.185522	-0.0641206	-0.0392791	0.148872	-0.0790535	0.0302841	-0.121868	-0.0855458	-0.09618	-0.0614936	-0.110185	-0.00427256	-0.109793	0.127277	0.185291	-0.0450473	0.0962215	0.177625	0.0755786	-0.132301	-0.0333996	0.200785	-0.0957721	0.0821531	-0.0474027	0.110981	-0.0556415	0.14297	0.191774	-0.148485	-0.0974408	-0.111121	0.100888	-0.0782512	-0.062292	0.09268	0.164453
