1	0.198616	-0.016962	-0.00927667	0.272254	-0.0399428	0.245169	-0.0171991	-0.0263372	-0.0274835	-0.022824	-0.068467	-0.00163095	-0.074208	-0.0317206	-0.0211898	-0.0298045	-0.0215208	-0.0136083	-0.0452431	-0.0298579	-0.0161462	-0.0836025	-0.0749556	0.143575	-0.0324675	-0.0205243	-0.0128033	-0.0184765	-0.0201764	-0.0399301	0.322766	-0.0435448	-0.0393364	-0.0374877	-0.0134224	-0.0201742	-0.108287	-0.0152359	-0.0268106	0.241491	0.145573	-0.0255719	-0.0229424	-0.0463758	0.00198474	0.325169	-0.0397705	-0.0535306	-0.0646287	-0.0236925	-0.0250881	-0.0171228	-0.0822923	0.283712	0.409294	-0.0501326	-0.081265	-0.0137038	-0.0613272	-0.0105212	-0.0303562	-0.0224614	-0.0177773	-0.0492777	-0.0268542	-0.0247842	-0.0411681	0.00704725	-0.0629114	-0.0270944	0.262785	-0.0255426	-0.0432126	0.129682	-0.00405883	-0.0336782	-0.0316526	-0.0177219	-0.0160965	-0.0212918	-0.0160038	0.177427	-0.0162207	0.870966	-0.113091	-0.066312	-0.0112604	-0.0748106	-0.0366077	-0.0205156	0.00194707	-0.0133705	0.0130809	-0.114336	-0.0974607	-0.0369223	0.00309216	-0.0402296	-0.0260864	-0.0715854	-0.018967	-0.0598087	0.15308	-0.0139577	-0.00404578	0.141777	-0.0200812	-0.101627	0.174217	-0.0320444	-0.0492742	-0.0170724	-0.102077	-0.0750714	-0.0101809	-0.0380618	-0.0258534	-0.00817434	-0.0521784	-0.0996112	-0.0449011
0.198616	1	0.205181	-0.0790908	0.7545	-0.182821	0.464734	0.201487	-0.116688	-0.111977	-0.144947	0.607609	0.179507	-0.391052	-0.176272	-0.0629246	-0.147897	0.23046	0.163753	0.442093	0.213026	-0.101002	0.191617	-0.358446	0.736696	0.229826	-0.0917045	-0.0716668	-0.0931158	-0.0877327	0.279586	0.634547	-0.173861	0.252045	-0.216406	-0.101301	0.180908	-0.466857	-0.142073	-0.161773	0.538573	0.159659	-0.0677743	-0.0875606	0.0425103	0.111653	0.570769	0.0262867	0.404175	-0.335509	0.145414	0.169957	0.176588	-0.27815	0.374799	0.182518	-0.14982	0.165065	0.0217685	-0.127685	-0.0689676	0.141069	-0.0786369	0.0153532	-0.275944	-0.0622141	-0.0974239	-0.291264	0.176791	-0.199421	-0.0866189	0.305959	0.149777	0.00519544	-0.00199761	0.074429	-0.108869	-0.115322	-0.047018	0.229429	-0.0721315	0.161381	0.296679	-0.171225	0.175492	0.0114795	0.234907	0.121257	0.226183	-0.183252	-0.0820499	-0.0580502	0.040123	0.162708	-0.1743	-0.108606	0.112813	-0.0973003	-0.00452004	0.176486	-0.166033	-0.0902956	-0.0733161	0.125169	0.208561	0.161939	0.309386	-0.0679287	-0.143196	0.00672126	-0.0398915	-0.160467	-0.0374625	-0.0318039	0.194485	0.131772	-0.219436	-0.0921495	0.201946	-0.0442076	0.0643754	-0.234301
-0.016962	0.205181	1	-0.0286081	-0.073068	-0.0312802	-0.0746256	-0.0175351	-0.0168841	-0.0216644	-0.0227903	0.341249	-0.0116654	-0.0810309	-0.0353792	-0.0106379	-0.0252305	0.914341	-0.0137102	-0.0388364	-0.0329082	-0.0245502	0.24131	-0.0791089	0.155652	-0.0329519	-0.023675	-0.017084	-0.0297374	-0.0205475	-0.0425025	-0.0515513	-0.0332163	-0.0378035	-0.043568	-0.018023	0.000571452	-0.108111	-0.0281404	-0.0350161	-0.0723212	-0.132935	-0.019575	-0.0260843	-0.0500115	0.00909695	-0.0500098	-0.0403639	0.356514	-0.0750899	-0.0238977	-0.0228429	-0.00982081	-0.0958134	-0.053251	-0.0303321	-0.0264171	-0.0742624	-0.0221231	0.216532	-0.0106874	0.266355	-0.0228256	-0.0106905	-0.0705952	-0.0156346	-0.0148371	-0.0740559	-0.00863714	-0.0549641	-0.0244325	-0.0443903	-0.0206537	0.192656	0.0429963	0.000513346	0.12329	-0.0193745	-0.0087565	0.344788	-0.00816553	-0.0163172	0.107485	-0.0349613	-0.0079211	-0.106274	-0.0614281	0.168793	-0.0617703	-0.0352795	-0.018454	-0.0196562	0.00291962	-0.0107861	-0.126278	-0.114014	-0.0201446	-0.0287172	-0.0309219	-0.0209152	-0.00224057	-0.0138289	0.104111	0.0799385	-0.0141061	-0.0151598	-0.0731608	-0.0165576	0.140355	-0.0867983	0.149642	0.0846449	-0.0125683	-0.120459	-0.067223	-0.0205009	-0.0677988	-0.0264125	0.251736	-0.00143043	-0.0103595	-0.0701595
-0.00927667	-0.0790908	-0.0286081	1	-0.0550645	-0.0340573	-0.0571257	-0.0047314	-0.0191681	-0.030798	-0.0361811	-0.0595302	-0.0150156	0.21575	-0.0407967	-0.00351516	-0.0321339	-0.0315943	-0.0102578	-0.0322736	-0.025327	-0.0174943	-0.0714222	-0.0676226	-0.10847	-0.0295506	-0.0192443	-0.0215198	-0.0158378	-0.0200402	-0.0343545	-0.0439312	-0.0323464	-0.0310607	0.405605	-0.0205686	-0.0159925	-0.0966528	0.639263	-0.0340713	-0.0696138	0.111341	-0.0202071	-0.0148004	-0.0526184	-0.00444417	-0.0401814	-0.0489056	-0.0442333	0.1993	-0.0150232	-0.0189284	-0.0204322	0.137873	-0.024585	-0.023104	-0.0126157	0.184183	-0.00328181	-0.0820135	-0.0291395	-0.0510508	-0.0161081	-0.0103011	-0.0564087	-0.000686202	-0.0315987	0.0674791	-0.00916028	-0.0296754	-0.0208021	-0.0335804	-0.018754	-0.0574151	-0.0125785	-0.0028525	-0.0382671	-0.0262176	-0.0102268	-0.0267712	-0.00711232	-0.0186211	-0.0717388	0.148105	-0.0120041	0.034603	0.0701397	-0.0395602	0.0617158	-0.0464196	-0.00418713	0.288566	-0.00955944	-0.0116601	0.0909966	0.1088	-0.0195153	-0.0208674	-0.040094	0.00478829	-0.0362451	-0.0125243	-0.025096	-0.0619673	-0.0189234	-0.0154278	0.0521255	-0.0098037	-0.0840776	0.0230826	-0.022987	-0.0459695	-0.00687357	0.0941938	0.064797	-0.0196729	0.0374355	-0.0221274	-0.0275105	0.110698	0.0235804	0.0428764
0.272254	0.7545	-0.073068	-0.0550645	1	-0.145728	0.685881	0.259266	-0.090578	-0.0819059	-0.105018	0.0561994	0.234874	-0.291308	-0.132305	-0.0543191	-0.105918	-0.0740303	0.213975	-0.133813	0.286449	-0.105144	-0.223326	-0.280504	0.561014	0.308443	-0.0666636	-0.0552699	-0.0682308	-0.0671779	0.377365	0.843946	-0.127165	0.338961	-0.165606	-0.0758779	0.236933	-0.346741	-0.104996	-0.117947	0.765506	0.434409	-0.0245393	-0.0665331	0.133521	0.137902	0.763549	0.103314	-0.154785	-0.245504	-0.0599973	-0.088996	0.224124	-0.144608	0.535175	0.292077	-0.119455	-0.0946402	0.0535935	-0.101104	-0.0476554	0.134062	-0.0613307	-0.0527454	-0.188355	-0.0441131	-0.0766647	-0.198476	0.229828	-0.150314	-0.0657476	0.444943	-0.0784837	0.0154199	0.181325	0.0979384	-0.118355	-0.0866133	-0.0243601	0.191148	-0.0577789	-0.0456478	0.427812	-0.114909	0.237194	-0.177933	-0.0188321	0.13855	-0.0163605	-0.139693	-0.0639542	-0.0509174	0.054299	0.206881	-0.270788	-0.220533	0.190641	-0.075648	0.0563835	0.245051	-0.188134	-0.0745942	-0.152168	0.18686	0.270906	0.216746	0.203519	-0.046957	-0.140633	0.187054	-0.0631414	-0.156168	-0.0341846	-0.103189	0.0198472	0.183993	-0.125639	-0.0673464	0.178825	-0.102565	-0.0863573	-0.137196
-0.0399428	-0.182821	-0.0312802	-0.0340573	-0.145728	1	-0.156675	-0.0185074	0.655471	-0.0452872	-0.0456775	-0.104461	-0.0380116	-0.141782	-0.0580242	-0.0271268	-0.0496226	-0.034308	-0.0458664	-0.0692037	-0.044723	-0.0543843	0.456048	-0.149936	0.281861	-0.049686	-0.0226004	-0.0266202	-0.0282331	-0.0208307	-0.0617544	-0.122056	-0.0744382	-0.056699	-0.083063	-0.0480087	-0.0255426	0.293157	-0.0588775	-0.0689303	-0.153301	-0.256721	-0.0465694	-0.0308137	-0.0803141	-0.022667	-0.114812	-0.068802	-0.0400557	-0.141299	-0.0323281	-0.0366636	0.0301994	-0.169424	-0.115218	-0.0710875	-0.0684175	-0.105674	-0.0268332	-0.140766	-0.0385888	-0.0837329	-0.0378173	-0.0265761	-0.106557	-0.0290227	-0.0370601	-0.109344	-0.0363497	-0.108978	-0.0279113	-0.104045	-0.0348518	-0.00526279	-0.168032	-0.0165935	0.696748	0.601326	-0.0229786	-0.0655997	0.302529	-0.0323655	-0.0951455	-0.0625189	-0.0353547	-0.164987	-0.0961819	-0.0757623	-0.0981724	0.0471211	-0.0326263	-0.0310255	0.000690456	-0.033876	-0.125134	-0.166544	-0.0586324	-0.04398	0.0382183	-0.0394657	-0.113007	0.383933	-0.133712	-0.181781	-0.0417671	-0.0465189	-0.138396	0.411745	0.250348	-0.171228	-0.0409749	0.628167	0.00477965	-0.195362	-0.111392	-0.0498823	-0.122512	-0.0341003	-0.0448839	0.124825	0.277682	-0.120721
0.245169	0.464734	-0.0746256	-0.0571257	0.685881	-0.156675	1	0.217941	-0.0972264	0.320128	-0.130038	-0.219017	0.210895	-0.33662	-0.158614	-0.0567789	-0.121605	-0.0785578	0.189519	-0.159386	-0.0762893	-0.10814	-0.267395	0.110431	0.279435	-0.089211	-0.077054	-0.0630089	-0.0726626	-0.0765984	-0.0903999	0.747533	0.435706	-0.0742919	-0.189797	-0.0881317	0.211684	-0.0308044	-0.116743	-0.0708434	0.495653	0.149051	-0.0420852	-0.0172686	-0.151369	0.105051	0.67807	-0.0810488	-0.12903	-0.305806	-0.0773602	-0.00432362	0.191159	-0.35188	0.433147	0.247968	-0.0622722	-0.0555856	0.0282018	-0.279251	0.222434	-0.106272	-0.0688733	0.0835215	-0.0980213	-0.0484964	0.126716	-0.117014	0.195759	-0.11387	-0.0672029	0.362486	0.00444887	-0.0603949	0.131078	0.0704904	-0.119842	-0.0968362	-0.0504119	-0.0530264	-0.0662211	-0.0556127	0.297547	-0.150916	0.208938	-0.118183	0.0118348	-0.0687359	-0.00148	-0.0338531	0.195618	-0.0578496	0.020739	0.188541	-0.132833	-0.148125	0.135403	-0.0838093	0.142491	0.221961	-0.15985	-0.0585203	-0.168714	0.0373269	0.228737	0.189684	0.190287	-0.051832	-0.180759	0.194933	-0.0901694	-0.0647475	-0.0451883	-0.0203282	0.0497257	0.161598	-0.0549869	-0.0862593	-0.00884186	-0.0133082	-0.00304568	-0.0717966
-0.0171991	0.201487	-0.0175351	-0.0047314	0.259266	-0.0185074	0.217941	1	-0.0152936	-0.0328344	-0.0364784	-0.0333698	-0.0109822	-0.077073	-0.0411681	-0.0185881	-0.0327023	-0.0164274	-0.00607312	-0.0241305	-0.00915198	-0.0341004	0.0518647	-0.0831529	0.158111	-0.00494364	-0.00707013	-0.0187146	-0.0109565	-0.00977295	0.027282	0.147132	-0.0399156	0.031574	-0.0439879	-0.0233195	-0.029006	-0.00515618	-0.0271632	-0.0311039	0.108834	0.028688	0.178349	-0.0189854	-0.0155037	-0.027323	0.12714	-0.0170458	-0.0349938	-0.0731311	-0.0106627	-0.018335	-0.01437	-0.0771655	0.128691	-0.00700262	-0.0424702	-0.0679341	0.331197	-0.05711	-0.0142342	-0.0181827	-0.0227102	-0.0104741	-0.0627818	-0.0208305	-0.0163841	-0.0629827	-0.0195914	-0.0562895	-0.0205337	0.114546	-0.017179	-0.0348387	0.00948888	-0.0154028	-0.0262828	-0.0148798	-0.0242221	-0.00580584	-0.0180062	-0.0118718	0.0580285	-0.0389912	-0.0159037	0.00992744	-0.0485137	-0.0189811	-0.0452264	-0.0404274	-0.0232933	-0.0201553	-0.0173089	-0.0156691	-0.0907291	-0.0769565	-0.0142136	-0.0183675	0.155736	-0.0194927	0.0440281	-0.0141647	0.0227968	0.0101649	0.304805	-0.0222061	-0.0368778	-0.00900739	0.0904346	-0.0517765	0.00538291	-0.036445	-0.0100525	-0.0935408	-0.049086	-0.0236525	-0.0362882	-0.00580696	0.0130916	-0.055178	-0.0658052	-0.0371727
-0.0263372	-0.116688	-0.0168841	-0.0191681	-0.090578	0.655471	-0.0972264	-0.0152936	1	-0.0243744	-0.0258287	-0.0716714	-0.0234624	-0.085812	-0.0330702	-0.0191771	-0.0308432	-0.0199599	-0.0344445	-0.0509901	-0.0337391	-0.0321901	0.279732	-0.0939767	0.172926	-0.0308438	-0.0141544	-0.0130465	-0.0122789	-0.00981574	-0.0430632	-0.0714289	-0.0481859	-0.0369707	-0.0500999	-0.0226491	-0.0066519	0.204007	-0.0354779	-0.039592	-0.0909045	-0.15381	-0.033889	-0.0134569	-0.0518876	-0.00742518	-0.0664991	-0.0437202	-0.0600094	-0.0862876	-0.0205606	-0.0218962	-0.020065	-0.107697	-0.0702749	-0.0436893	-0.0426813	-0.0946872	-0.0105583	-0.0890546	-0.0179177	-0.0505121	-0.0276233	-0.012131	-0.0681759	-0.0166648	-0.0087364	-0.066832	-0.0260459	-0.0677583	-0.0163648	-0.0663167	-0.0223411	-0.0532156	-0.139251	-0.0127696	0.570718	0.894078	-0.0145503	-0.0392632	-0.0134989	-0.0275718	-0.0987897	-0.0341664	-0.0199864	-0.130795	-0.0935428	-0.0468199	-0.094546	-0.0330839	-0.0211083	-0.0215904	-0.00107768	-0.0227418	-0.138611	-0.129181	-0.0422271	-0.0236575	-0.0373313	-0.023533	-0.0699003	-0.0210453	-0.0911188	-0.111994	-0.0271906	-0.0318185	-0.1184	0.738177	0.184342	-0.105352	-0.0310187	0.437208	0.016806	-0.149607	-0.0995083	-0.0340957	-0.072965	-0.0204827	-0.0268028	0.0716214	0.170022	-0.0720937
-0.0274835	-0.111977	-0.0216644	-0.030798	-0.0819059	-0.0452872	0.320128	-0.0328344	-0.0243744	1	-0.0378348	-0.0610156	-0.00760384	-0.110524	-0.0515904	-0.00456407	-0.0401925	-0.0255422	-0.0223692	-0.0490714	-0.0109457	-0.0244301	-0.109397	0.328359	-0.156169	-0.0122097	-0.0293341	-0.0218854	-0.0297277	-0.0302235	-0.0172301	-0.0739448	0.620263	-0.00955781	-0.0680101	-0.017019	-0.0173707	0.222749	-0.0478806	-0.0367802	-0.0977019	-0.171092	-0.0264324	0.117411	-0.0525711	-0.00871953	-0.0709105	-0.0493854	-0.0684322	-0.101001	-0.0245633	-0.0259553	-0.0367486	-0.122621	-0.072118	-0.0565596	0.158502	0.0156059	-0.0353804	-0.0554839	0.649971	-0.0435124	-0.0120159	-0.017081	-0.0328415	-0.00634605	0.469292	-0.0423088	-0.00367845	-0.0594558	-0.028936	-0.0689727	-0.0215898	0.18773	0.0466641	-0.0134094	-0.0337595	-0.0284242	-0.0124714	-0.0299693	-0.0150394	-0.030869	0.0835434	-0.0555904	-0.0269336	-0.0303172	0.0387022	-0.0338232	0.0381898	0.249921	-0.0249708	-0.0420739	-0.00610788	0.00538136	0.140851	-0.00525589	-0.0388172	-0.0313338	0.247663	-0.020294	-0.0788167	-0.00558628	-0.0899218	-0.11836	-0.000737463	-0.0224854	-0.00742274	-0.0103105	0.0322244	-0.0614942	-0.0374522	0.193688	-0.0284245	0.00204988	0.0265639	-0.020716	-0.0178432	-0.0394643	-0.0143315	0.125227	0.143551	-0.0241071
-0.022824	-0.144947	-0.0227903	-0.0361811	-0.105018	-0.0456775	-0.130038	-0.0364784	-0.0258287	-0.0378348	1	-0.0823426	-0.0286042	-0.108272	0.725783	-0.026414	-0.0597957	-0.0297611	-0.0249885	-0.0702696	-0.0175873	-0.0344663	-0.119432	-0.104175	-0.182324	-0.0195535	-0.0142056	0.48562	-0.019752	-0.0131281	-0.0224095	-0.0938973	-0.00205478	-0.0217972	-0.0560236	-0.0348158	-0.0286151	-0.117016	-0.0288606	-0.0477262	0.305131	0.168504	-0.0529463	-0.01625	0.576817	-0.0149805	-0.0855104	0.592431	-0.0848841	-0.10538	-0.0290479	-0.0435454	-0.034453	0.249267	-0.0854838	-0.0564884	0.00249394	-0.0849194	-0.0203926	0.176242	-0.0322214	0.346122	-0.0134457	-0.0300154	-0.0382755	-0.0121219	-0.0315826	-0.0415173	-0.0262206	-0.0786825	-0.0194786	-0.0791562	-0.0438751	0.327021	0.137456	-0.00730629	-0.0389055	-0.0191527	-0.0278462	0.0746758	-0.023728	-0.0318339	0.167406	-0.0536838	-0.0171899	-0.106959	-0.0721714	0.443917	-0.0750654	0.331311	0.0682685	-0.0209649	-0.00600618	-0.0279818	-0.079921	-0.01758	-0.0497366	-0.0341979	-0.0501457	-0.0186074	-0.0674633	-0.022292	0.174389	0.0830258	-0.0354733	-0.0249012	-0.0200955	-0.016558	0.0638177	-0.0747186	-0.0190155	-0.0502748	-0.0196417	-0.0343613	0.003666	-0.0225178	-0.040921	-0.00822774	-0.011628	-0.0206132	-0.0035653	-0.0446414
-0.068467	0.607609	0.341249	-0.0595302	0.0561994	-0.104461	-0.219017	-0.0333698	-0.0716714	-0.0610156	-0.0823426	1	-0.0399492	-0.24169	-0.097458	-0.0336421	-0.0974368	0.37959	-0.0421982	0.727985	0.35574	-0.075552	0.462223	-0.226749	0.454327	0.387852	-0.057515	-0.0423254	-0.0603563	-0.0507387	0.452777	-0.16287	-0.110686	0.404334	-0.131559	-0.0567284	-0.0393281	-0.30927	-0.0914779	-0.0984908	-0.00779129	-0.18208	-0.0772074	-0.0464847	0.179977	-0.0107029	-0.151421	0.0757639	0.690611	-0.194097	0.25616	0.307413	-0.0404258	-0.0852271	-0.121276	-0.119182	-0.0797657	0.28536	-0.0402934	0.0757042	-0.0390506	0.263391	-0.0410281	0.069279	-0.181333	-0.0402064	-0.0511305	-0.191717	-0.03401	-0.14635	-0.0441836	-0.106672	0.272808	0.143593	-0.130187	-0.0165668	-0.0341398	-0.0728816	-0.0187398	0.32822	-0.0315214	0.259623	0.0134265	-0.110404	-0.0540313	0.155809	0.308067	0.19446	0.306169	-0.0937363	-0.0503081	-0.0335818	-0.00897844	-0.0247749	0.0459495	0.0787724	-0.0585786	-0.061992	-0.0726366	-0.0599229	-0.0533456	-0.0468416	0.0771932	0.00342461	-0.0276432	-0.0449764	0.173927	-0.0460738	0.00583111	-0.237469	0.0251023	-0.0587397	-0.0146167	0.0421542	0.227362	-0.0524156	-0.176942	-0.0530058	0.262659	0.0409158	0.160658	-0.185576
-0.00163095	0.179507	-0.0116654	-0.0150156	0.234874	-0.0380116	0.210895	-0.0109822	-0.0234624	-0.00760384	-0.0286042	-0.0399492	1	-0.0738749	-0.0406556	-0.00864387	-0.0241052	-0.00570627	-0.015215	-0.0349284	-0.0216127	-0.0233501	-0.0601674	-0.0611737	0.135391	-0.0166008	-0.0185695	-0.00915412	-0.0154815	-0.0161625	-0.0195527	0.27266	-0.0187405	-0.0150733	-0.0416369	-0.0240448	-0.000796427	-0.0839771	-0.0266675	-0.0373834	0.176825	0.104	-0.0146643	-0.0146759	-0.041032	-0.00519772	0.249283	-0.0423144	-0.0386928	-0.0548359	-0.00399078	-0.0200824	-0.020178	-0.0685801	0.207524	0.00201244	-0.0293641	-0.0606563	-0.00526278	-0.056861	-0.00531466	-0.0339464	-0.0212564	-0.0102548	-0.0386645	-0.0162348	-0.00888304	-0.033817	0.591572	-0.0595384	-0.0206564	-0.00921737	-0.0157867	-0.0381568	-0.0594732	-0.0175432	-0.0321604	-0.0182102	-0.0103646	-0.0178123	-0.01176	-0.0152386	0.13854	-0.0318357	-0.000562529	-0.0904903	0.149601	-0.0225394	0.132358	-0.0266642	-0.00796279	-0.0113199	-0.00779511	0.694791	-0.0899312	-0.0811174	-0.00299653	-0.0161485	0.261115	-0.0221748	-0.0615266	-0.0244596	-0.0699018	-0.0602893	0.458366	-0.0043752	-0.055456	-0.0149558	-0.0845912	0.143486	-0.0330299	-0.0313012	-0.00407505	0.0815306	-0.0603225	-0.00909412	0.170984	0.00386071	-0.00772592	-0.00609879	-0.0767336	0.157549
-0.074208	-0.391052	-0.0810309	0.21575	-0.291308	-0.141782	-0.33662	-0.077073	-0.085812	-0.110524	-0.108272	-0.24169	-0.0738749	1	-0.0465657	-0.047912	0.385395	-0.0913692	-0.0524447	-0.175117	-0.0867867	-0.106665	-0.350502	-0.331431	-0.531228	-0.0917164	0.216295	-0.0491144	-0.0863729	0.206183	-0.110352	-0.247839	-0.165159	-0.098975	0.572006	-0.100339	-0.0822838	-0.467803	0.368207	-0.153745	-0.31609	0.515723	-0.144502	-0.0828218	-0.171557	-0.0722311	-0.222394	-0.175057	-0.154902	0.890056	-0.0162008	-0.118361	-0.0745683	0.66734	-0.153219	-0.165615	0.303718	0.223368	-0.0764631	0.304116	-0.0817952	-0.179047	-0.0722207	-0.0804682	0.431498	0.164017	0.0230137	0.483912	-0.065614	-0.222702	-0.0776415	-0.130868	-0.110177	-0.131397	0.194086	-0.0114735	-0.15253	-0.0997011	0.159106	-0.0858679	-0.0570065	-0.0453061	-0.216947	0.430576	-0.0694353	-0.0967899	0.099435	-0.113915	0.125192	-0.0739018	-0.0802594	0.169682	-0.00352922	-0.0705419	0.474808	0.492887	-0.134568	0.252633	-0.0778567	-0.0651965	-0.240645	-0.0780493	-0.223487	-0.349049	-0.080392	-0.0505399	-0.00636821	-0.0535823	-0.333646	0.250679	-0.0744864	-0.113011	-0.0499017	0.414339	0.0749833	-0.0545044	0.3882	0.118961	-0.0779566	0.148077	-0.0161007	0.408469
-0.0317206	-0.176272	-0.0353792	-0.0407967	-0.132305	-0.0580242	-0.158614	-0.0411681	-0.0330702	-0.0515904	0.725783	-0.097458	-0.0406556	-0.0465657	1	-0.0306267	-0.0693232	-0.0354736	-0.0346921	-0.0775584	-0.0278194	-0.0515216	-0.138424	-0.130876	-0.220245	-0.0284381	0.357429	0.357756	-0.0295795	0.331799	-0.0346769	-0.115017	-0.0352321	-0.0292036	-0.0737945	-0.0415933	-0.0260078	-0.164622	-0.0443241	-0.0570267	0.29934	0.214884	-0.0526828	-0.0185687	0.616925	-0.0190895	-0.106222	0.632883	-0.0876888	-0.0461776	-0.0214358	-0.0570208	-0.0337214	0.322998	-0.106828	-0.0643125	-0.0178065	-0.109408	-0.030027	0.310079	-0.0396731	0.434044	-0.0214891	-0.0426747	0.0187977	-0.0132111	-0.039309	0.00584253	-0.0410251	-0.0909141	0.43396	-0.0978258	-0.054953	0.372011	0.188075	-0.0147658	-0.0589421	-0.036599	-0.0246176	0.0422557	-0.0308655	-0.0408001	0.178958	-0.0686501	-0.0285437	-0.142641	-0.100563	0.32227	-0.107804	0.421483	-0.00294433	-0.0242868	-0.0180231	-0.0412612	0.020014	-0.02732	-0.0518811	-0.0387807	0.113356	-0.02442	-0.0811752	-0.0265241	0.0929383	0.00843534	-0.0506314	-0.0330175	-0.0770017	-0.016685	0.0974138	-0.0668389	-0.0169692	-0.0757694	-0.0245633	-0.0525365	-0.0438406	-0.0251723	-0.0103324	0.218252	-0.00135542	-0.0433671	-0.0665331	-0.020233
-0.0211898	-0.0629246	-0.0106379	-0.00351516	-0.0543191	-0.0271268	-0.0567789	-0.0185881	-0.0191771	-0.00456407	-0.026414	-0.0336421	-0.00864387	-0.047912	-0.0306267	1	-0.0311106	-0.0108233	-0.00308395	-0.0158223	-0.0180808	0.517858	-0.0551749	0.174812	-0.0889557	-0.0154076	-0.0150657	-0.00644991	-0.00775476	-0.0127591	-0.0248888	-0.0421699	-0.0309952	-0.0195172	-0.0311393	-0.0347558	-0.0208723	0.115223	-0.022865	-0.0375061	-0.0580268	-0.088754	-0.028802	-0.0148621	-0.0370225	-0.0113726	-0.0361868	-0.0387011	-0.0237183	-0.0436566	-0.0134942	-0.014445	-0.00245355	-0.0564918	-0.0515926	-0.0351298	-0.0115923	-0.0365953	-0.0159629	-0.0457893	-0.0082002	-0.0334464	-0.00970766	-0.00645322	-0.0417599	-0.00876997	-0.00559785	-0.0466781	-0.00661175	0.193087	-0.00555429	-0.0534336	-0.007172	-0.0317205	-0.0984946	-0.00968015	-0.0188346	-0.0187418	-0.00672529	-0.0236761	-0.0177177	0.000577396	-0.0674383	-0.0302846	-0.0204974	0.112178	-0.0328021	-0.0275485	-0.0364195	-0.0172984	-0.0269772	-0.0144935	-0.00596383	-0.0120591	-0.0733266	-0.067064	-0.0235647	0.0134243	-0.0247018	-0.00338651	0.171746	-0.0103442	0.127747	0.0934459	-0.0220489	-0.011178	-0.0608751	-0.00767091	0.0594537	-0.0296779	-0.0199677	-0.0228343	-0.0179186	-0.0335107	0.0139973	0.142431	-0.0552192	-0.0125916	-0.0324003	-0.00720417	-0.00492563	-0.0567314
-0.0298045	-0.147897	-0.0252305	-0.0321339	-0.105918	-0.0496226	-0.121605	-0.0327023	-0.0308432	-0.0401925	-0.0597957	-0.0974368	-0.0241052	0.385395	-0.0693232	-0.0311106	1	-0.0297537	-0.0203241	-0.0783301	-0.025635	-0.0398567	-0.136355	-0.116807	-0.200494	-0.0308195	-0.0313869	-0.0257821	-0.0252462	-0.0315495	-0.0412979	-0.0897759	-0.0553337	-0.036967	-0.082708	-0.0411433	-0.0294246	-0.170186	-0.0548182	-0.0654744	-0.127685	0.227253	-0.0615315	-0.0358844	-0.0859181	-0.0286394	-0.0768935	-0.0867458	-0.084037	0.393077	-0.0303116	-0.064209	-0.0137284	0.314674	-0.0974918	-0.065934	-0.0515733	-0.126678	-0.0303325	0.383744	-0.0297532	-0.0813555	-0.0325045	-0.0317985	0.475682	-0.0199578	-0.0400458	0.433043	-0.0355177	-0.0839041	-0.0354363	-0.0856204	-0.0577544	-0.0991786	0.206373	-0.0188451	-0.0507811	-0.0291343	0.40443	-0.055561	-0.0222504	-0.0196028	-0.150625	0.744101	-0.0287194	-0.168416	-0.120414	-0.0764812	-0.121844	-0.0770831	-0.0341211	-0.0264447	-0.0159225	-0.0282107	0.202735	0.230664	-0.0484401	-0.0377411	-0.0687638	-0.0190026	-0.0904318	-0.032966	-0.111841	-0.15683	-0.03668	-0.0165275	-0.138812	-0.0152707	-0.165994	0.274017	-0.0272097	-0.0688173	-0.0126806	0.196233	-0.108002	-0.0226735	0.338165	-0.0394097	-0.0427548	0.0394166	-0.146148	0.348078
-0.0215208	0.23046	0.914341	-0.0315943	-0.0740303	-0.034308	-0.0785578	-0.0164274	-0.0199599	-0.0255422	-0.0297611	0.37959	-0.00570627	-0.0913692	-0.0354736	-0.0108233	-0.0297537	1	-0.0139153	-0.0422506	-0.0290904	-0.0272579	0.262365	-0.0867575	0.172452	-0.0258844	-0.0274399	-0.0196019	-0.0304853	-0.0241982	-0.0362591	-0.0568979	-0.037453	-0.0318858	-0.0483381	-0.0217954	-0.00176276	-0.122329	-0.0319965	-0.0356461	-0.0768844	-0.142096	-0.0255104	-0.0244539	-0.0481874	0.00817578	-0.0573914	-0.0411555	0.381993	-0.0801529	-0.0231976	-0.0278397	-0.0125914	-0.0998691	-0.0595433	-0.0354752	-0.0283111	-0.0451767	-0.0287915	0.201979	-0.0153865	0.253089	-0.0199119	-0.0099137	-0.0721864	-0.0185071	-0.0212244	-0.075576	-0.0162276	-0.0575611	-0.0144115	-0.0414448	-0.0236767	0.179095	0.0348893	-0.00693157	0.115522	-0.0214514	-0.00994031	0.322236	-0.0121613	-0.0201739	0.0980365	-0.0411343	-0.0123074	-0.0923591	-0.0449072	0.158437	-0.0536082	-0.0344764	-0.0138664	-0.0218269	-0.00493269	-0.0150715	-0.120222	-0.108039	-0.0224216	-0.0291981	-0.0300395	-0.022238	-0.00129756	-0.0186709	0.105402	0.0732623	-0.012388	-0.0168164	-0.0721777	-0.0165215	0.142346	-0.0932124	0.130488	0.0767215	0.0303607	-0.120132	-0.0630611	-0.0248391	-0.0720024	-0.0245399	0.238105	-0.00529776	-0.0112695	-0.0748904
-0.0136083	0.163753	-0.0137102	-0.0102578	0.213975	-0.0458664	0.189519	-0.00607312	-0.0344445	-0.0223692	-0.0249885	-0.0421982	-0.015215	-0.0524447	-0.0346921	-0.00308395	-0.0203241	-0.0139153	1	-0.03069	-0.0207289	-0.0113049	-0.0616556	-0.062418	0.115245	-0.0247333	-0.0211151	-0.0031473	-0.0107742	-0.0190181	-0.0258258	0.247903	-0.0319469	-0.0227971	-0.0193178	-0.0227788	-0.015064	-0.0896416	-0.0116223	-0.027684	0.179997	0.105985	-0.0151919	-0.0209943	-0.042792	-0.00870622	0.253329	-0.0407453	-0.0329016	-0.0504772	-0.0128067	-0.0263224	0.682662	-0.0675111	-0.0516317	-0.0407949	-0.00347049	0.20153	-0.00438475	-0.0721084	-0.0219566	-0.047717	-0.0247175	-0.0172115	-0.0542411	0.00966761	-0.0259826	-0.0508995	-0.0133325	-0.0466311	-0.0197894	-0.0484879	-0.0224069	-0.0553024	-0.114776	0.000856504	-0.0317087	-0.0221	-0.00512064	-0.030605	-0.0195969	-0.0100223	-0.0816521	-0.0210009	-0.00710983	0.136371	0.19832	-0.036437	0.190034	-0.0409514	-0.0100603	-0.00997579	-0.000195022	-0.018542	0.109773	0.127013	-0.0322483	-0.0266167	-0.0428718	-0.0214982	-0.0510072	-0.0270208	-0.0445218	-0.0803036	-0.0200632	-0.0211574	0.149892	-0.0231651	-0.093696	-0.0739244	-0.0110587	-0.0423654	-0.00839638	0.108577	0.179896	-0.0211039	-0.056269	-0.021895	-0.0221097	0.0478853	0.133789	-0.0569143
-0.0452431	0.442093	-0.0388364	-0.0322736	-0.133813	-0.0692037	-0.159386	-0.0241305	-0.0509901	-0.0490714	-0.0702696	0.727985	-0.0349284	-0.175117	-0.0775584	-0.0158223	-0.0783301	-0.0422506	-0.03069	1	-0.0426333	-0.0496031	0.502948	-0.163734	0.333515	-0.0442819	-0.0383414	-0.0312114	-0.0380735	-0.0331441	-0.0555204	-0.116049	-0.0838657	-0.0486851	-0.0923632	-0.0444654	-0.0299235	-0.223037	-0.0647433	-0.0733736	-0.1537	-0.269603	-0.0591468	-0.0359042	-0.091426	-0.0163851	-0.106597	-0.0786786	0.708967	-0.154409	0.364992	0.445726	-0.0219458	-0.191986	-0.104581	-0.0916668	-0.060442	0.450402	-0.0211607	-0.169524	-0.0343377	-0.0873988	-0.0327323	0.111712	-0.143062	-0.0282688	-0.0367035	-0.150719	-0.0252369	-0.110889	-0.0401707	-0.0996537	0.401813	-0.103754	-0.264997	-0.0161608	-0.0671145	-0.0554026	-0.0348115	-0.0628459	-0.0277129	0.372537	-0.160654	-0.0935987	-0.038542	0.305653	0.446645	-0.0810027	0.433779	-0.0787705	-0.0362944	-0.00746135	-0.00782052	-0.0113413	0.174496	0.202344	-0.0708922	-0.0352113	-0.0651928	-0.0458498	-0.0272871	-0.0308109	0.0205585	-0.121015	-0.029903	-0.0340163	0.266764	-0.0353898	-0.125795	-0.194759	-0.0400484	-0.0785524	-0.0291053	0.170594	0.332812	-0.0335164	-0.137224	-0.0395671	-0.0442642	0.0887066	0.244926	-0.144102
-0.0298579	0.213026	-0.0329082	-0.025327	0.286449	-0.044723	-0.0762893	-0.00915198	-0.0337391	-0.0109457	-0.0175873	0.35574	-0.0216127	-0.0867867	-0.0278194	-0.0180808	-0.025635	-0.0290904	-0.0207289	-0.0426333	1	-0.0378522	-0.0854277	-0.0810648	0.156717	0.437935	-0.0152146	-0.0210859	-0.0241372	-0.0145545	0.749738	-0.0620791	-0.034835	0.618663	-0.0547839	-0.0159871	-0.0174339	-0.109889	-0.0418661	-0.0334925	0.204938	0.144971	-0.0242729	-0.00665254	0.381182	0.00179558	-0.0560176	0.393959	-0.0630386	-0.032511	-0.0161104	-0.0409764	-0.0250821	0.149209	0.0106776	-0.0488475	-0.034265	-0.087717	-0.011181	0.160716	-0.00824639	0.303556	-0.00956609	-0.0211956	-0.0600223	-0.0155643	-0.0168906	-0.0639491	-0.00888006	-0.0506056	-0.00708569	0.0142701	-0.0385206	0.186869	0.0898555	0.00495395	-0.036957	-0.0258391	-0.0245686	0.294878	0.00510924	-0.0224152	0.14786	-0.0429375	-0.0200577	-0.0676168	-0.0349564	0.24209	0.002182	-0.0117845	-0.0257378	-0.02492	0.0082029	-0.0169461	-0.03854	-0.034731	0.0126583	-0.035364	-0.000320563	-0.0208389	-0.0415267	-0.0141808	0.0758658	0.0665229	0.00831759	-0.0152173	0.0193532	-0.0132839	0.0401874	-0.0588176	-0.00476786	-0.0291594	-0.00506977	-0.0435511	0.0124756	-0.0205192	-0.0599389	-0.0169528	0.235761	-0.0278212	-0.00580086	-0.0621657
-0.0161462	-0.101002	-0.0245502	-0.0174943	-0.105144	-0.0543843	-0.10814	-0.0341004	-0.0321901	-0.0244301	-0.0344663	-0.075552	-0.0233501	-0.106665	-0.0515216	0.517858	-0.0398567	-0.0272579	-0.0113049	-0.0496031	-0.0378522	1	-0.116946	0.360171	-0.182108	-0.0329018	-0.0318161	-0.0060382	-0.0208361	-0.0275416	-0.0447379	-0.0819311	-0.0444142	-0.0355263	-0.0652181	-0.0421156	-0.0191295	0.246417	-0.0418208	-0.047753	-0.107974	-0.181428	-0.0429406	-0.0235153	-0.065619	-0.0195183	-0.0689197	-0.0687399	-0.0679191	-0.101337	-0.0304114	-0.0323598	-0.0162028	-0.122672	-0.0903498	-0.0489721	-0.0341022	-0.0944477	-0.0223252	-0.0998364	-0.000747171	-0.0646657	-0.024895	-0.0178478	-0.0813033	-0.0223901	-0.0124595	-0.0888656	-0.0115266	0.394425	-0.0339544	-0.0859274	-0.0241624	-0.0683098	-0.18161	-0.010013	-0.0499827	-0.0333053	-0.024761	-0.0446171	-0.0259796	-0.026903	-0.121219	-0.0521431	-0.00962119	0.211687	-0.0774685	-0.051683	-0.0835042	-0.0463927	-0.0382285	-0.023899	0.00335616	-0.0183227	-0.157159	-0.142269	-0.0383319	-0.0181104	-0.0524343	-0.0216231	0.344293	-0.031427	0.249953	0.217734	-0.0359468	-0.0303347	-0.114832	-0.0160715	0.171959	-0.105846	-0.0382779	-0.0519604	0.0662517	-0.123374	-0.0538219	0.0477902	-0.0866468	-0.0384776	-0.0321768	-0.0547991	-0.0847142	-0.0911952
-0.0836025	0.191617	0.24131	-0.0714222	-0.223326	0.456048	-0.267395	0.0518647	0.279732	-0.109397	-0.119432	0.462223	-0.0601674	-0.350502	-0.138424	-0.0551749	-0.136355	0.262365	-0.0616556	0.502948	-0.0854277	-0.116946	1	-0.331458	0.656643	-0.0923489	-0.0761791	-0.0520461	0.232633	-0.069385	-0.116513	-0.237649	-0.161037	-0.108567	-0.195336	-0.103572	-0.0605349	0.204787	-0.131799	-0.152004	-0.305754	-0.554171	0.373363	0.154686	-0.171142	-0.0397925	-0.218333	-0.154151	0.508479	-0.32475	0.173084	0.214125	-0.0244043	-0.385984	-0.0658179	0.0682354	-0.138269	0.120177	0.226494	-0.155056	-0.0818033	-0.0745466	-0.0671822	0.0367994	-0.200681	-0.065482	-0.0934322	-0.215562	-0.0250992	-0.209669	-0.0694523	-0.0430968	0.190026	-0.064759	-0.248041	0.0377582	0.419698	0.284512	-0.0687039	-0.00201555	0.160247	0.176531	-0.0877924	-0.167043	-0.0663441	0.0620632	0.13007	-0.086991	0.117525	-0.0823226	-0.0775536	-0.0629481	-0.0090195	-0.055163	-0.0912894	-0.0794113	0.0887491	-0.0854363	-0.0683292	-0.0692079	-0.0132746	0.190143	0.0179967	-0.0460689	-0.0743492	-0.0649747	0.0667447	0.164506	0.133176	-0.208791	-0.00552954	0.313688	-0.0214499	-0.131888	0.0510925	-0.0675668	-0.209586	-0.0389243	0.00460438	0.069719	0.258291	-0.215274
-0.0749556	-0.358446	-0.0791089	-0.0676226	-0.280504	-0.149936	0.110431	-0.0831529	-0.0939767	0.328359	-0.104175	-0.226749	-0.0611737	-0.331431	-0.130876	0.174812	-0.116807	-0.0867575	-0.062418	-0.163734	-0.0810648	0.360171	-0.331458	1	-0.501136	-0.0869174	-0.0697394	-0.0503266	-0.0688245	-0.0634284	-0.105956	-0.233232	0.469395	-0.0893439	-0.191127	0.298907	-0.0629984	0.691692	-0.120654	0.452132	-0.292808	-0.508183	-0.117652	-0.00392141	-0.160407	-0.00560808	-0.208941	-0.154883	-0.143809	-0.293727	-0.090015	0.015218	-0.0864275	-0.335871	-0.229513	-0.13775	-0.0545092	-0.196104	-0.0852209	-0.216332	0.232826	-0.140376	0.208986	0.113936	-0.0403744	-0.0537258	0.157574	-0.0654697	-0.0678321	0.63402	-0.0499824	-0.199667	0.0218681	-0.0559502	-0.238397	-0.04022	-0.1305	-0.0927566	-0.0598283	-0.114157	-0.0391192	-0.0678003	-0.218977	-0.133788	-0.0652289	0.296122	-0.161764	-0.119498	-0.172759	0.0182158	0.194086	-0.0486211	-0.0222149	-0.0512232	-0.142497	-0.178755	-0.0998574	-0.0812192	0.00480694	-0.0661735	0.503472	-0.0263393	0.319479	0.22921	-0.0737671	-0.0702751	-0.212836	-0.054466	0.272616	-0.170697	0.154746	-0.0269672	0.116601	-0.14774	-0.124694	-0.0378702	-0.0306992	-0.0129447	-0.0794028	-0.0632781	-0.139167	-0.0385922
0.143575	0.736696	0.155652	-0.10847	0.561014	0.281861	0.279435	0.158111	0.172926	-0.156169	-0.182324	0.454327	0.135391	-0.531228	-0.220245	-0.0889557	-0.200494	0.172452	0.115245	0.333515	0.156717	-0.182108	0.656643	-0.501136	1	0.168414	-0.119507	-0.0849718	0.149214	-0.113833	0.203563	0.478571	-0.235389	0.178854	-0.300572	-0.146163	0.141318	-0.108731	-0.198173	-0.220945	0.359659	-0.116083	0.254616	0.083669	-0.0391422	0.0787968	0.431762	-0.048136	0.305395	-0.473398	0.103987	0.116866	0.158616	-0.444249	0.382512	0.297278	-0.211759	0.0238943	0.155724	-0.208763	-0.106837	0.0477915	-0.105609	-0.00793966	-0.320763	-0.0903101	-0.139927	-0.341818	0.128965	-0.300332	-0.108839	0.334519	0.103775	-0.0386139	-0.0520614	0.046118	0.274766	0.182785	-0.0758138	0.152141	0.0948789	0.117529	0.271572	-0.233813	0.131501	-0.101297	0.0977275	0.037597	0.0863032	-0.177339	-0.117833	-0.093567	0.0255612	0.121496	-0.295223	-0.248608	0.232278	-0.133682	-0.00649752	0.130692	-0.181	0.108946	-0.120544	0.101653	0.156295	0.1185	0.223694	0.106624	-0.00217455	-0.0253659	-0.0591319	0.155401	-0.0438202	-0.197041	0.0593284	0.0908002	-0.281545	-0.0881631	0.147023	-0.0264567	0.160319	-0.294783
-0.0324675	0.229826	-0.0329519	-0.0295506	0.308443	-0.049686	-0.089211	-0.00494364	-0.0308438	-0.0122097	-0.0195535	0.387852	-0.0166008	-0.0917164	-0.0284381	-0.0154076	-0.0308195	-0.0258844	-0.0247333	-0.0442819	0.437935	-0.0329018	-0.0923489	-0.0869174	0.168414	1	-0.0209585	-0.0126327	-0.0241635	-0.0199441	0.819231	-0.0731767	-0.045674	0.864525	-0.0556072	-0.0116418	-0.0171027	-0.115085	-0.0340587	-0.0301832	0.210825	0.153098	-0.0266354	-0.00791659	0.410028	-0.0070993	-0.070113	0.135366	-0.0644468	-0.028448	-0.0173349	-0.038897	-0.0285529	0.177025	-0.00913481	-0.0427034	-0.0268856	-0.0814532	-0.0150788	0.193687	-0.00966416	0.341288	-0.0121729	-0.0200153	-0.0398867	-0.0157999	-0.017735	-0.0459521	-0.0180127	-0.0519115	-0.00797433	-0.00186028	-0.0350947	0.205892	0.105668	-0.0122611	-0.0517131	-0.0274016	0.045737	0.341041	-0.0133753	-0.0158631	0.143262	-0.011058	-0.0273834	-0.0733431	-0.041772	0.26637	-0.00974279	-0.0305752	-0.0248295	-0.0229607	-0.0109465	-0.0110683	-0.0521546	-0.0390399	-0.0063742	-0.0307547	-0.0160589	-0.0184208	-0.0498042	-0.0321943	-0.019039	0.0949362	0.00750875	-0.0234822	-0.019654	-0.0177506	0.0704056	-0.0673089	0.00393878	-0.0544802	-0.00912924	-0.0550745	-0.0147074	-0.0311007	-0.0455652	-0.015454	0.304334	-0.0245914	-0.055226	-0.0506464
-0.0205243	-0.0917045	-0.023675	-0.0192443	-0.0666636	-0.0226004	-0.077054	-0.00707013	-0.0141544	-0.0293341	-0.0142056	-0.057515	-0.0185695	0.216295	0.357429	-0.0150657	-0.0313869	-0.0274399	-0.0211151	-0.0383414	-0.0152146	-0.0318161	-0.0761791	-0.0697394	-0.119507	-0.0209585	1	-0.00997431	-0.0290828	0.953486	-0.0268545	-0.0568094	-0.0459476	-0.0237326	-0.0404684	-0.0191521	-0.0198784	-0.101362	-0.0337811	-0.0306404	-0.0693911	0.126321	-0.0260319	-0.0252958	-0.033729	-0.0162649	-0.0521569	-0.0337371	-0.0406725	0.21463	-0.00830667	-0.0210528	-0.0230057	0.187197	-0.0606439	-0.0350983	-0.0285572	-0.0631618	-0.0180748	0.220941	-0.014572	-0.0387468	-0.0267926	-0.0142625	0.263216	-0.0126699	-0.0167422	0.240629	-0.0203335	-0.0418222	-0.0209341	-0.054719	-0.0219773	-0.0440128	0.118188	-0.00603082	-0.0374586	-0.0246031	-0.0144333	-0.0314979	-0.0110698	-0.0190821	-0.0808939	-0.0444028	-0.0195628	-0.0970018	-0.0671189	-0.0017707	-0.0703334	-0.0290149	-0.0239356	-0.009164	-0.0117454	-0.0193108	0.103546	0.115942	-0.0168351	-0.0238703	-0.0313558	-0.0103679	-0.060822	-0.00621594	-0.0505568	-0.0736234	-0.0186585	-0.0166983	-0.0865132	-0.00587353	-0.0714571	0.135431	-0.00770976	-0.0384138	-0.0147677	0.0924122	-0.0743374	-0.015917	0.199124	0.674655	0.022893	0.0125008	-0.0938111	0.183135
-0.0128033	-0.0716668	-0.017084	-0.0215198	-0.0552699	-0.0266202	-0.0630089	-0.0187146	-0.0130465	-0.0218854	0.48562	-0.0423254	-0.00915412	-0.0491144	0.357756	-0.00644991	-0.0257821	-0.0196019	-0.0031473	-0.0312114	-0.0210859	-0.0060382	-0.0520461	-0.0503266	-0.0849718	-0.0126327	-0.00997431	1	0.00282528	-0.00771274	-0.0149037	-0.0461651	0.0961832	-0.0129572	-0.0160426	-0.0272016	-0.0220547	-0.00329016	-0.00608504	-0.0314987	0.0858905	0.0313357	-0.0206947	-0.00543698	0.19363	-0.0130659	-0.0436493	0.192701	-0.0365336	-0.0475541	-0.0164714	-0.0124101	-0.0106112	0.0742869	-0.0457405	-0.0263183	0.0918121	0.0253681	-0.0196008	0.0871993	-0.0195244	0.171236	-0.00978143	-0.0112079	-0.0358299	-0.00493697	-0.0225594	-0.0335439	-0.0166462	-0.0385662	-0.00870051	-0.0458315	-0.0184552	0.12194	0.0238086	-0.0140411	-0.0246059	-0.0150724	-0.00626998	-0.0142668	-0.0144121	-0.0118907	0.0488248	-0.0181983	-0.0169785	-0.00624508	-0.00578385	0.184498	-0.00450386	0.161569	-0.0150255	-0.00423497	-0.0117636	-0.00747974	-0.0440301	-0.0290653	-0.0191333	-0.0255863	-0.0348802	-0.0103493	-0.0381479	-0.0167539	0.09892	0.0656839	-0.0190368	-0.00568158	-0.00300813	-0.00801398	0.0294819	-0.0275095	-0.0216217	-0.0351627	-0.00936879	-0.0327037	-0.00564998	-0.00108352	-0.0330868	-0.0168679	-0.00559515	-0.0177614	-0.0217283	-0.0335062
-0.0184765	-0.0931158	-0.0297374	-0.0158378	-0.0682308	-0.0282331	-0.0726626	-0.0109565	-0.0122789	-0.0297277	-0.019752	-0.0603563	-0.0154815	-0.0863729	-0.0295795	-0.00775476	-0.0252462	-0.0304853	-0.0107742	-0.0380735	-0.0241372	-0.0208361	0.232633	-0.0688245	0.149214	-0.0241635	-0.0290828	0.00282528	1	-0.029814	-0.0297848	-0.0568658	-0.0360006	-0.0289825	-0.041894	-0.029487	-0.0141661	0.18083	-0.0254397	-0.0365792	-0.0770281	-0.134897	-0.0288786	0.705747	-0.0383827	-0.0203648	-0.056612	-0.0354316	-0.0556234	-0.0776879	-0.0204792	-0.0160327	-0.021099	-0.0894015	-0.0625124	-0.041008	-0.0328148	-0.0769529	-0.015815	0.133174	-0.0266793	-0.0469305	-0.00660683	-0.0146386	0.153406	-0.0171684	-0.0394894	0.140234	-0.0182482	-0.0357728	-0.0182671	-0.0517755	-0.0183171	-0.0573807	0.0334719	-0.00654047	0.0977898	-0.0166231	-0.0114889	-0.0339973	-0.00838922	-0.0225963	-0.0883778	-0.0306307	-0.0104765	-0.0212391	-0.0731205	-0.0378816	-0.0746675	-0.0458602	-0.0167013	-0.0184483	-0.0119589	-0.0198398	0.0245463	0.0465161	-0.0287536	-0.019729	-0.0515441	-0.0144539	0.0509375	-0.0155406	0.0447411	-0.000825574	-0.0261723	-0.0145013	-0.0900348	-0.0101754	-0.00268273	0.0653659	-0.0163504	-0.0372758	-0.0064368	0.0310124	-0.0713817	-0.0167504	0.100553	-0.0197746	-0.0321248	-0.0201656	-0.0225419	0.108808
-0.0201764	-0.0877327	-0.0205475	-0.0200402	-0.0671779	-0.0208307	-0.0765984	-0.00977295	-0.00981574	-0.0302235	-0.0131281	-0.0507387	-0.0161625	0.206183	0.331799	-0.0127591	-0.0315495	-0.0241982	-0.0190181	-0.0331441	-0.0145545	-0.0275416	-0.069385	-0.0634284	-0.113833	-0.0199441	0.953486	-0.00771274	-0.029814	1	-0.0246748	-0.0593571	-0.0421503	-0.0222286	-0.0391994	-0.0172803	-0.0171226	-0.0928232	-0.0327402	-0.0281856	-0.0722017	0.117286	-0.0223973	-0.0259237	-0.0323334	-0.0139075	-0.0566081	-0.0327	-0.0388223	0.20602	-0.0104874	-0.0184865	-0.0226114	0.17997	-0.0628382	-0.0398137	-0.0245621	-0.0574448	-0.0148266	0.209945	-0.0144077	-0.0370312	-0.0247819	-0.0114286	0.249708	-0.0104412	-0.0166757	0.228627	-0.0170449	-0.0431963	-0.0215183	-0.0532169	-0.0200239	-0.042086	0.110858	-0.00383764	-0.0327319	-0.0203827	-0.0114654	-0.0294975	-0.0120582	-0.0163465	-0.0782296	-0.044949	-0.0168446	-0.091527	-0.061421	0.00221714	-0.0639092	-0.0284143	-0.0205448	-0.008097	-0.0103325	-0.016573	0.0982756	0.111005	-0.023466	-0.0226174	-0.0330473	-0.0265186	-0.0542953	-0.00504119	-0.042955	-0.0708682	-0.0210937	-0.0135114	-0.0857507	-0.00272048	-0.0614788	0.120112	-0.00568256	-0.0337576	-0.0128085	0.0876923	-0.0685667	-0.0122762	0.18721	0.644257	0.0293781	-0.00722218	-0.0851106	0.17265
-0.0399301	0.279586	-0.0425025	-0.0343545	0.377365	-0.0617544	-0.0903999	0.027282	-0.0430632	-0.0172301	-0.0224095	0.452777	-0.0195527	-0.110352	-0.0346769	-0.0248888	-0.0412979	-0.0362591	-0.0258258	-0.0555204	0.749738	-0.0447379	-0.116513	-0.105956	0.203563	0.819231	-0.0268545	-0.0149037	-0.0297848	-0.0246748	1	-0.0863765	-0.0503552	0.912999	-0.0678161	-0.0203382	-0.0267647	-0.142842	-0.0481529	-0.0382193	0.287448	0.189555	-0.0347283	-0.0159306	0.539485	-0.013137	-0.078936	0.319805	-0.0797553	-0.0612816	-0.0191861	-0.0494003	-0.0340185	0.229256	-0.0253682	-0.0555887	-0.0346433	-0.107037	-0.0204082	0.248768	-0.0076246	0.447968	-0.0136569	-0.0283284	-0.0635335	-0.0158511	-0.0195123	-0.0691975	-0.0120938	-0.064519	-0.0108247	-0.0179394	-0.0459243	0.29616	0.138432	-0.00229351	-0.0569593	-0.0394074	0.0258864	0.473388	-0.00926966	-0.0277777	0.199475	-0.0316704	-0.0306531	-0.103514	-0.0638498	0.382617	-0.0387437	-0.0266603	-0.0311843	-0.0322797	-0.000591808	-0.0148377	-0.0851472	-0.0747894	0.0159228	-0.0349382	-0.0159808	-0.0269312	-0.0596778	-0.0258825	0.028505	0.135265	0.00322447	-0.0247699	-0.0238887	-0.0250766	0.0914157	-0.0721038	0.00293337	-0.0556655	-0.0121281	-0.0887845	-0.0337141	-0.0334001	-0.0629156	-0.0194082	0.415053	-0.0520278	-0.0676449	-0.068046
