1	-0.0243661	-0.0669368	-0.0998199	-0.0408732	-0.206119	-0.0668037	-0.0470828	-0.042172	-0.0525962	-0.0409673	-0.0824164	0.433597	-0.106971	-0.0274996	-0.0126731	0.17001	-0.0356433	-0.0599002	-0.014857	-0.0234945	0.0752766	-0.0414137	-0.0564456	-0.0635495	-0.0746762	-0.0449681	-0.0522877	-0.0654275	0.15693	-0.0691007	0.130696	-0.0481634	-0.0301763	-0.0396281	-0.00804871	0.258618	-0.0395847	-0.0122808	-0.0197478	-0.0732571	-0.0577241	0.155399	-0.0585486	0.028224	-0.0131327	-0.0253004	0.0920994	-0.0582007	-0.0450244	-0.0419649	-0.0321635	-0.109609	-0.0140114	-0.051997	-0.0840238	-0.0483982	0.139829	-0.027938	0.0104491	0.0199761	0.00194109	-0.10801	0.107709	-0.0244125	0.24694	0.0154975	-0.00167376	-0.0355387	-0.0955464	-0.0288234	-0.0453688	0.222468	-0.0569676	0.383442	-0.152009	-0.0415288	-0.104471
-0.0243661	1	-0.0317501	-0.0833081	-0.0191086	-0.0489816	0.0756734	-0.0315291	-0.0181625	-0.0245065	-0.0330477	-0.053318	-0.0177745	-0.0337166	-0.0102145	-0.00933972	0.103169	-0.00972286	-0.0279527	0.00556665	-0.0263167	-0.00554954	-0.0229079	-0.0465663	-0.0519106	0.169807	-0.0354602	0.0453401	0.0107802	-0.0551266	-0.0805375	-0.0247276	-0.0178468	-0.0231284	-0.0192265	0.279871	-0.0210784	-0.0211344	0.0767418	-0.0222345	-0.0205626	-0.0170501	-0.0281037	-0.0391977	-0.0132942	-0.0120469	-0.0282382	-0.0293932	-0.0383318	-0.0084662	-0.014655	0.14055	-0.0177263	0.053465	0.0987988	-0.0232507	-0.0224522	0.00694784	0.0904105	0.0939584	0.118307	0.287497	-0.0378431	0.0361032	0.0523132	-0.0305815	0.0240573	0.0522556	0.00554923	-0.041597	-0.00878747	-0.022268	0.00448788	-0.0036247	-0.0223954	-0.0461101	0.0290478	-0.0373452
-0.0669368	-0.0317501	1	0.419671	-0.0286269	-0.18257	-0.0696083	-0.0314165	-0.0435583	-0.0452702	-0.0380116	-0.0827325	-0.026832	-0.0728166	-0.0210997	-0.0107238	0.240017	-0.0393692	-0.0633894	-0.0259335	-0.0354247	-0.0249492	0.0365473	-0.0323504	-0.0497067	-0.0761215	-0.0283123	-0.0507727	-0.0515186	0.243434	-0.161046	0.0743605	-0.0257322	0.184105	-0.0310348	-0.0402416	-0.0286221	-0.0120509	-0.0242858	0.00646605	-0.06304	-0.054683	0.246337	-0.0448427	0.0896053	-0.0267313	-0.0376113	0.0457389	-0.0382603	-0.0363165	-0.0390775	-0.0699744	-0.203439	-0.0169495	-0.0388403	-0.0878851	-0.0561063	0.144324	-0.0209648	-0.00367617	-0.0274503	-0.0372434	-0.191632	0.0853188	0.137382	-0.0201856	-0.119415	0.0639521	-0.031648	-0.0703092	-0.0194033	-0.038728	0.184495	-0.0374528	-0.0201951	-0.123461	-0.0325227	-0.0693873
-0.0998199	-0.0833081	0.419671	1	-0.059588	-0.439078	-0.153205	0.0302848	-0.101769	-0.1197	-0.0896238	0.589953	-0.0674984	0.0365139	0.00886954	-0.0516566	0.0553009	-0.00204985	-0.096612	0.0637824	0.127912	-0.0100935	-0.0521178	-0.0697887	-0.0241623	0.0242062	-0.064321	-0.0990961	-0.116053	-0.0408676	0.0935953	-0.0420032	-0.107926	0.0377854	0.075437	0.116658	-0.0519435	-0.0547553	-0.0545129	-0.0544723	-0.0932243	0.0475938	0.0330239	-0.0999794	0.0151822	-0.0542427	-0.0498166	0.0676958	-0.127761	-0.0919669	-0.0884518	-0.0149823	0.0230159	-0.0484595	-0.126153	0.0275709	0.000613458	-0.0112792	-0.064471	-0.121209	0.00620621	0.0233945	0.0392528	-0.0821964	-0.0155652	0.0157593	0.0169431	-0.0755447	-0.0876829	-0.114269	-0.0486317	0.0113734	0.0515629	-0.0831079	-0.0616776	-0.26694	-0.0754611	-0.197716
-0.0408732	-0.0191086	-0.0286269	-0.059588	1	0.15603	0.466771	-0.0224438	-0.0193628	-0.0319283	-0.0214924	-0.035512	-0.0163593	-0.0565688	-0.00946689	-0.0123765	0.13647	-0.0105861	-0.0151802	-0.0253982	-0.0210675	0.2203	-0.0223664	-0.022067	-0.0334509	-0.039774	0.0947016	-0.0346538	-0.0392481	0.13511	-0.0793344	0.300367	-0.0316884	-0.0268681	-0.0271255	-0.037124	-0.01565	-0.0237779	-0.0198506	-0.0131407	-0.0179473	-0.035496	0.150579	-0.0338328	-0.0165245	-0.0155935	-0.0190464	-0.020649	-0.0357301	-0.0250351	-0.00523545	-0.0381756	-0.116948	-0.0177282	-0.0322866	-0.0614847	-0.0453758	0.139485	-0.0255714	-0.0597322	-0.0114	-0.0192741	-0.118712	0.123141	-0.0262128	-0.0157697	-0.067816	-0.0334269	-0.0232611	-0.0377574	-0.0145108	-0.0213801	0.14896	-0.0301637	-0.0182687	-0.0718405	-0.0187933	-0.0503301
-0.206119	-0.0489816	-0.18257	-0.439078	0.15603	1	0.361489	-0.173713	0.249539	-0.196046	0.189495	-0.274451	-0.0876574	-0.359581	0.0532268	0.128196	0.34786	-0.108807	0.25366	-0.0778444	-0.122589	0.0941722	0.215898	0.0572546	-0.210259	0.200833	0.206195	-0.223413	-0.0598849	0.439695	-0.534469	0.218651	0.24632	0.117463	-0.144383	-0.0484173	0.00319684	0.153698	-0.128896	-0.110218	-0.18958	-0.197041	0.320093	-0.159175	0.0275733	0.109691	0.142156	0.0331026	0.320358	-0.16922	0.218936	0.203062	-0.332512	-0.105434	0.152846	-0.377482	-0.220162	0.427676	-0.133985	0.233855	-0.0321363	-0.00965344	-0.528844	0.407255	0.450937	-0.100508	0.0383796	0.249051	-0.0924815	-0.29982	0.0124478	-0.186734	0.224635	-0.144187	-0.0677433	-0.490391	-0.0982456	-0.371333
-0.0668037	0.0756734	-0.0696083	-0.153205	0.466771	0.361489	1	-0.0486939	-0.0512012	-0.0656427	-0.0472773	-0.0876946	-0.024007	-0.119881	0.225139	-0.0210687	0.279373	-0.0195398	-0.0611119	-0.0320174	-0.0416651	0.159997	-0.0618278	-0.0646165	-0.0756884	-0.0699973	0.0177063	-0.0416638	-0.0539949	0.272933	-0.177176	0.457066	-0.0687692	0.129782	-0.0497653	0.0455246	-0.0404312	-0.0495504	-0.00318337	-0.0403253	-0.056176	-0.0585297	0.245607	-0.0477539	0.0459881	-0.028628	-0.0353428	0.158878	-0.0749842	-0.0492866	-0.0317248	0.0742156	-0.147085	0.013272	-0.0463134	-0.115039	-0.0638688	0.156502	-0.00437513	0.0204192	0.0591724	0.0174285	-0.200235	0.153328	0.120345	-0.0384444	-0.0392988	0.0464793	-0.0296394	-0.0920075	-0.0266934	-0.0546885	0.119538	-0.0525068	-0.0279902	-0.164123	-0.043799	-0.115782
-0.0470828	-0.0315291	-0.0314165	0.0302848	-0.0224438	-0.173713	-0.0486939	1	-0.0469521	-0.0420367	-0.0408289	-0.0662825	-0.015153	0.15778	0.00163865	-0.0329369	-0.164309	0.0719866	-0.057711	-0.0133327	0.0499535	-0.0174925	-0.0590303	-0.0417025	0.281434	-0.0831047	-0.0424293	-0.0175991	-0.0390719	-0.15258	0.247701	-0.0736105	-0.0531908	-0.0365126	0.687333	-0.0383224	-0.0347511	-0.0200539	-0.0278316	-0.0307295	0.00369726	0.523647	-0.13408	-0.0430587	-0.00530601	-0.014529	-0.0268574	-0.0417452	-0.0659131	0.00396977	-0.0483903	-0.0797022	0.179623	-0.0421244	-0.067786	0.253702	0.152471	-0.170344	-0.0414169	-0.128099	-0.0170922	-0.0287128	0.202374	-0.127858	-0.170154	0.318191	-0.0996187	-0.0716725	-0.00777604	0.500885	-0.0090114	0.830843	-0.120715	-0.00707183	-0.0245218	0.307175	-0.0424656	0.262895
-0.042172	-0.0181625	-0.0435583	-0.101769	-0.0193628	0.249539	-0.0512012	-0.0469521	1	-0.0399351	-0.0339436	-0.0748677	-0.0293392	-0.0811455	-0.0132072	-0.0304373	0.242512	-0.0321035	0.632591	0.00300698	-0.0449003	-0.0147297	-0.0456849	-0.058565	-0.0547004	0.464582	-0.0489612	-0.0605303	-0.0766971	-0.111402	-0.156242	-0.0611146	-0.0382216	-0.0402035	-0.0299576	-0.0277324	-0.0254578	-0.0148568	-0.0379685	-0.0259195	-0.0553328	-0.0490816	-0.0951869	-0.04573	-0.0129906	-0.0213344	-0.0207608	-0.0198116	-0.0535866	-0.0405061	0.815251	0.486886	0.147079	-0.0375185	-0.0498717	-0.0895314	-0.062291	0.224299	-0.0428431	0.283089	-0.0258402	-0.0161687	-0.199691	0.297498	0.245078	-0.0307394	0.27519	-0.0587592	-0.0309493	-0.080321	-0.0118536	-0.0472994	-0.0712815	-0.0469934	-0.0283218	-0.133601	-0.0343956	-0.10145
-0.0525962	-0.0245065	-0.0452702	-0.1197	-0.0319283	-0.196046	-0.0656427	-0.0420367	-0.0399351	1	-0.0299942	-0.0804224	-0.0276102	0.15439	-0.0140842	-0.030709	-0.188877	-0.0370962	-0.0573395	0.0954693	-0.0147466	-0.02152	-0.0564769	-0.00959465	-0.0428878	-0.0884101	-0.0312887	0.499355	0.409443	-0.185301	-0.0282014	-0.0706938	-0.0649134	-0.0459915	-0.0111074	-0.0515964	-0.029473	-0.0294068	0.0149854	-0.0101918	0.0352004	-0.0295986	-0.162632	-0.0436386	-0.0177588	-0.0154441	-0.0264787	-0.0636308	-0.0727127	0.70184	-0.0354407	-0.0771867	0.197873	-0.0289266	-0.0643055	0.226169	0.151044	-0.181506	-0.0291011	-0.119021	-0.0299763	-0.0350204	0.222002	-0.132431	-0.176713	-0.0300294	-0.113343	-0.0828633	-0.0342583	-0.0664037	-0.0219709	-0.0390133	-0.142869	0.0230708	-0.0189365	0.345875	-0.034519	0.401677
-0.0409673	-0.0330477	-0.0380116	-0.0896238	-0.0214924	0.189495	-0.0472773	-0.0408289	-0.0339436	-0.0299942	1	-0.0447631	-0.0189899	-0.0578959	-0.0214242	-0.0288803	-0.126485	-0.027943	0.499534	-0.00684757	-0.0216023	-0.0172783	-0.0285254	-0.0244582	-0.0452811	0.333746	-0.00704093	-0.0396864	-0.0379555	-0.102916	-0.095874	-0.0457928	-0.0291626	-0.0291445	-0.0305786	-0.0358891	-0.0199832	-0.0303112	-0.0385971	-0.021976	-0.0219227	-0.0397752	0.161759	-0.0316513	-0.0175287	0.565745	0.715119	-0.0279827	-0.023213	-0.0151554	-0.0289784	-0.0364862	-0.118175	-0.0251655	-0.0332319	-0.0542682	-0.0341719	0.153159	-0.0359798	-0.0710166	-0.0210147	-0.0200703	-0.123714	0.211296	-0.0721691	-0.0213717	-0.0706692	-0.0296414	-0.0149566	-0.0491514	-0.0137038	-0.0439806	0.169845	-0.00515495	-0.0225198	-0.0892121	-0.0228174	-0.0627342
-0.0824164	-0.053318	-0.0827325	0.589953	-0.035512	-0.274451	-0.0876946	-0.0662825	-0.0748677	-0.0804224	-0.0447631	1	-0.0365425	0.28448	-0.0279343	-0.0443196	-0.260566	0.0651992	-0.0410882	0.138181	0.341804	-0.0366669	-0.073708	-0.035666	-0.066006	-0.0985004	-0.0573756	-0.0319244	-0.0598502	-0.260022	0.373883	-0.0958719	-0.0910382	-0.0352792	0.00105262	-0.0767496	-0.022017	-0.0493262	-0.00153442	-0.0241261	-0.0375512	0.0474398	-0.212639	-0.0582201	-0.0401652	-0.0329233	-0.00815916	-0.0739114	-0.112765	-0.0548615	-0.0626202	-0.114869	0.227949	-0.0140975	-0.0884141	0.272072	0.109292	-0.274413	-0.0159815	-0.142254	0.0331495	-0.0549687	0.314497	-0.200119	-0.245024	-0.050785	0.137946	-0.104545	-0.0595518	-0.114226	-0.0424337	-0.0637496	-0.198433	-0.0520456	-0.0390987	-0.208564	-0.0407565	-0.152257
0.433597	-0.0177745	-0.026832	-0.0674984	-0.0163593	-0.0876574	-0.024007	-0.015153	-0.0293392	-0.0276102	-0.0189899	-0.0365425	1	-0.057471	-0.0160801	-0.0156253	-0.0853778	-0.016436	-0.0257207	-0.0171706	0.00834102	-0.00949181	-0.0174744	-0.0192988	-0.03137	-0.0390601	-0.0251703	-0.0234022	-0.0334141	-0.083976	0.136049	-0.0386622	-0.0270475	-0.0184985	-0.0159112	-0.0138384	0.627205	-0.0283414	-7.65462e-05	0.00669338	-0.0339581	-0.027928	-0.0797701	-0.0288958	-0.00905216	-0.0122535	-0.0165657	-0.0327285	-0.0389885	-0.0267822	-0.016344	-0.0210793	0.102448	-0.00264391	-0.0297086	0.0513321	0.026563	-0.0869558	-0.00307937	0.145558	-0.00680029	-0.0206398	0.105078	-0.0691608	-0.0790787	0.603942	0.155527	-0.0372628	-0.0222313	-0.0315143	-0.00632689	-0.0156349	0.154338	-0.0337361	0.910437	-0.0709566	-0.0207567	-0.0421816
-0.106971	-0.0337166	-0.0728166	0.0365139	-0.0565688	-0.359581	-0.119881	0.15778	-0.0811455	0.15439	-0.0578959	0.28448	-0.057471	1	-0.0393035	-0.0480783	-0.370897	0.150325	-0.0998416	0.0928746	0.094359	-0.0554805	-0.0883812	0.0501553	0.174032	-0.141284	-0.0776938	0.255529	0.110066	-0.367177	0.496491	-0.136204	-0.112008	-0.0601246	0.186227	-0.0732133	-0.0519421	-0.0613311	0.165269	0.162257	0.235241	0.260248	-0.30959	0.142957	-0.044787	-0.0364696	-0.0555396	-0.0943945	-0.143919	0.15176	-0.0548278	-0.119419	0.286051	0.130754	-0.0478423	0.578937	0.503677	-0.379955	0.171233	-0.0986903	0.0469483	-0.0595598	0.471256	-0.275405	-0.338797	0.0149974	0.0333634	-0.146378	0.158077	0.367046	0.0412116	0.184787	-0.273063	0.191398	-0.0555989	0.511268	0.132033	0.397771
-0.0274996	-0.0102145	-0.0210997	0.00886954	-0.00946689	0.0532268	0.225139	0.00163865	-0.0132072	-0.0140842	-0.0214242	-0.0279343	-0.0160801	-0.0393035	1	-0.013601	0.103366	-0.00654525	-0.0240003	-0.0130686	-0.00536559	-0.0117638	-0.0267145	-0.037314	-0.0284253	0.0534175	-0.0282798	-0.0301184	-0.0373728	0.086808	-0.0638076	0.0920277	-0.0270308	0.109721	0.00241011	0.0205927	-0.0180767	-0.0101295	-0.0208443	-0.0159748	-0.0305654	-0.00383507	0.099798	-0.0288671	0.233915	-0.00088446	-0.00810199	0.0152938	-0.0370257	-0.0156284	-0.000705251	0.0121531	-0.0612407	-0.0227225	-0.0285469	-0.0399421	-0.00236574	0.0411853	-0.0210784	0.0409914	-0.0156209	0.0118047	-0.0848872	0.0666234	0.0362929	-0.0198388	-0.0380472	0.0828458	-0.0206751	-0.0257293	-0.00419705	0.000310278	0.0146278	-0.0163918	-0.0199331	-0.052536	-0.0176266	-0.0367903
-0.0126731	-0.00933972	-0.0107238	-0.0516566	-0.0123765	0.128196	-0.0210687	-0.0329369	-0.0304373	-0.030709	-0.0288803	-0.0443196	-0.0156253	-0.0480783	-0.013601	1	0.158278	-0.0153398	-0.0436992	-0.0156177	-0.0175562	-0.0246424	0.534287	-0.0298427	-0.0282575	-0.0418324	-0.0233818	-0.0406553	-0.0462105	0.156465	-0.0929124	-0.0432154	-0.0157589	-0.0254074	-0.029085	-0.0144046	-0.0115219	-0.000465584	-0.0212269	-0.0186427	-0.0381244	-0.0358868	0.153903	-0.0151166	-0.00748933	-0.0193704	-0.0298828	-0.0148083	-0.0240547	-0.0365362	-0.0266769	-0.0328535	-0.124833	-0.021634	-0.0235515	-0.0639762	-0.0336386	0.125946	-0.0274734	-0.0616749	-0.00105082	-0.0146308	-0.119439	0.163605	-0.0417405	-0.018352	-0.0501831	-0.0273342	-0.0125857	-0.055784	-0.0181979	-0.0333242	0.187781	-0.0268551	-0.0135565	-0.0832978	-0.0213111	-0.0695867
0.17001	0.103169	0.240017	0.0553009	0.13647	0.34786	0.279373	-0.164309	0.242512	-0.188877	-0.126485	-0.260566	-0.0853778	-0.370897	0.103366	0.158278	1	-0.127238	0.0812182	-0.0841007	-0.131677	0.135472	0.278882	-0.212997	-0.221005	0.216491	-0.114482	-0.258397	-0.295355	0.658827	-0.620188	0.423541	-0.146304	0.238968	-0.147824	0.22984	-0.0045331	-0.112785	-0.166273	-0.117639	-0.219089	-0.217591	0.658467	-0.187205	0.0839606	-0.0815765	-0.12297	0.227054	-0.19475	-0.177181	0.21373	0.35922	-0.430465	-0.158449	-0.177042	-0.435341	-0.250947	0.643331	-0.174284	0.092849	-0.0833687	0.162491	-0.721124	0.591576	0.444262	-0.0995905	-0.0283238	0.0959221	-0.11644	-0.326083	0.0242345	-0.181421	0.492546	-0.152963	-0.078974	-0.533225	-0.124895	-0.400424
-0.0356433	-0.00972286	-0.0393692	-0.00204985	-0.0105861	-0.108807	-0.0195398	0.0719866	-0.0321035	-0.0370962	-0.027943	0.0651992	-0.016436	0.150325	-0.00654525	-0.0153398	-0.127238	1	-0.0421697	-0.0181707	-0.0272494	-3.74422e-05	-0.0283521	-0.0522648	-0.0312557	-0.068221	-0.0322302	-0.0476846	-0.0607627	-0.12382	0.218569	-0.0406867	-0.0495604	-0.0343811	-0.017267	-0.0394481	-0.0146546	-0.0352277	-0.0273349	-0.0280505	-0.0181318	0.599054	-0.107132	-0.0188632	-0.0251984	-0.0235365	-0.0317015	-0.0298523	-0.0637547	-0.0347922	-0.0304376	-0.0528065	0.165208	-0.0224534	-0.048638	0.144604	0.143515	-0.133009	-0.0294864	-0.0940204	0.00363596	-0.0329813	0.159821	-0.0904846	-0.12819	-0.00911952	0.0670466	-0.0635318	0.606359	0.0246455	-0.0208233	0.0578307	-0.0989217	0.0130024	-0.0199454	0.155954	-0.018867	0.0602928
-0.0599002	-0.0279527	-0.0633894	-0.096612	-0.0151802	0.25366	-0.0611119	-0.057711	0.632591	-0.0573395	0.499534	-0.0410882	-0.0257207	-0.0998416	-0.0240003	-0.0436992	0.0812182	-0.0421697	1	-0.0169511	-0.0501044	-0.0227215	-0.0617889	-0.0642055	-0.0685754	0.658338	-0.0453222	-0.0790606	-0.0917381	-0.182095	-0.196234	-0.0894978	-0.0124546	-0.0499769	-0.0416408	-0.0532697	-0.0345933	-0.0400851	-0.0536422	-0.0354951	-0.0653688	-0.0617089	0.0240584	-0.0545692	-0.0208212	0.319057	0.511099	-0.0672875	-0.0290015	-0.0467371	0.642242	0.355288	0.0205021	-0.0444378	-0.0150902	-0.119252	-0.0802565	0.268043	-0.0608272	0.207805	-0.033051	-0.028006	-0.259285	0.388145	0.145225	-0.0337962	0.160728	-0.0309786	-0.0362233	-0.0974281	-0.0228404	-0.0599069	0.0634858	-0.0453381	-0.0321866	-0.166633	-0.0393141	-0.123469
-0.014857	0.00556665	-0.0259335	0.0637824	-0.0253982	-0.0778444	-0.0320174	-0.0133327	0.00300698	0.0954693	-0.00684757	0.138181	-0.0171706	0.0928746	-0.0130686	-0.0156177	-0.0841007	-0.0181707	-0.0169511	1	-0.00556364	0.000794386	-0.0151134	-0.0343221	-0.0290355	-0.0293701	-0.0323671	-0.0190642	-0.0336548	-0.091102	0.143794	-0.0391923	-0.0330859	-0.00880937	-0.0160893	-0.029122	-0.0196561	-0.0231031	-0.0073396	-0.0064297	-0.0252196	-0.00386807	-0.0810833	-0.0213467	-0.0154416	-0.00356137	-0.0188732	-0.0276786	-0.0464861	-0.00930442	-0.00324059	-0.0298528	0.09424	-0.0202997	-0.044725	0.104638	0.0705119	-0.097345	0.0145082	-0.0355721	-0.0125021	-0.0168029	0.111975	-0.0640031	-0.0928138	-0.0100141	-0.0218866	-0.0387725	0.0382609	-0.0193696	-0.011927	-0.0123229	-0.0753663	0.0024807	-0.016046	0.040507	0.00280425	0.0377286
-0.0234945	-0.0263167	-0.0354247	0.127912	-0.0210675	-0.122589	-0.0416651	0.0499535	-0.0449003	-0.0147466	-0.0216023	0.341804	0.00834102	0.094359	-0.00536559	-0.0175562	-0.131677	-0.0272494	-0.0501044	-0.00556364	1	-0.0197063	-0.0337348	-0.0346884	-0.0313675	-0.0569308	-0.0264601	-0.0366835	-0.0463816	-0.132324	0.208708	-0.0629072	-0.0407588	-0.0402456	-0.0301094	-0.0224362	-0.0250489	-0.0168107	-0.0176613	-0.00942324	-0.0475655	-0.0431128	-0.119876	-0.0285591	-0.0167094	-0.00130326	-0.0180527	-0.0349277	-0.0478836	-0.0280782	-0.040206	-0.0538111	0.173089	-0.0182236	-0.0476893	0.174442	0.0157122	-0.141065	-0.0146053	-0.0872547	-0.0110841	-0.0229465	0.170896	-0.11207	-0.126863	-0.0260002	0.157019	-0.0591191	-0.0177837	-0.00449577	-0.0192959	0.0371872	-0.110289	-0.0344977	-0.0151708	-0.0324782	-0.0276981	-0.0672806
0.0752766	-0.00554954	-0.0249492	-0.0100935	0.2203	0.0941722	0.159997	-0.0174925	-0.0147297	-0.02152	-0.0172783	-0.0366669	-0.00949181	-0.0554805	-0.0117638	-0.0246424	0.135472	-3.74422e-05	-0.0227215	0.000794386	-0.0197063	1	-0.0258008	-0.025782	-0.0360118	-0.0366038	-0.014148	-0.0464339	-0.0413947	0.136218	-0.0850043	0.323011	-0.0299784	0.0124893	-0.018015	-0.018299	-0.0125757	-0.0110854	-0.0319964	-0.0199063	-0.0275184	-0.0306925	0.142216	-0.0284794	-0.0191816	-0.0133615	-0.018233	-0.0319605	-0.0306832	-0.0242996	-0.0153638	-0.0208269	-0.100069	-0.0331607	-0.0351449	-0.0571049	-0.0238844	0.130665	-0.0379296	-0.0450766	-0.0167701	-0.018447	-0.115109	0.187438	-0.0586554	-0.0197261	-0.065267	-0.00448957	-0.0130515	-0.0430542	-0.00749047	-0.0249394	0.129636	-0.0177484	-0.0158572	-0.0758781	-0.0150859	-0.0516554
-0.0414137	-0.0229079	0.0365473	-0.0521178	-0.0223664	0.215898	-0.0618278	-0.0590303	-0.0456849	-0.0564769	-0.0285254	-0.073708	-0.0174744	-0.0883812	-0.0267145	0.534287	0.278882	-0.0283521	-0.0617889	-0.0151134	-0.0337348	-0.0258008	1	-0.050142	-0.0660817	-0.0828412	-0.0410863	-0.0717152	-0.0833897	0.278472	-0.169696	-0.082273	-0.062408	-0.047276	-0.0514649	-0.0427254	0.177094	-0.0334264	-0.042964	-0.0227962	-0.0595645	-0.0625122	0.289825	-0.0450087	-0.0173894	-0.0105343	-0.0289135	-0.0386672	-0.0637087	-0.058578	-0.0437958	-0.0604006	-0.206367	-0.0417379	-0.0614456	-0.110959	-0.0634759	0.255021	-0.0419461	-0.116961	-0.0205176	0.02524	-0.211882	0.295941	-0.00885213	-0.025196	-0.0764261	-0.0733973	-0.025825	-0.0923439	-0.0266294	-0.0586438	0.314027	-0.0458636	-0.0168443	-0.149734	-0.0316924	-0.11732
-0.0564456	-0.0465663	-0.0323504	-0.0697887	-0.022067	0.0572546	-0.0646165	-0.0417025	-0.058565	-0.00959465	-0.0244582	-0.035666	-0.0192988	0.0501553	-0.037314	-0.0298427	-0.212997	-0.0522648	-0.0642055	-0.0343221	-0.0346884	-0.025782	-0.050142	1	-0.0753879	-0.108682	0.704161	0.319794	0.676347	-0.229068	-0.145514	-0.100012	-0.0792667	-0.0652639	-0.0422348	-0.0452913	0.000871969	-0.05086	0.403104	0.466872	-0.00595979	-0.0695114	-0.201099	-0.0662651	-0.0189927	-0.0178	-0.036904	-0.0718104	0.370158	-0.0436198	-0.0578623	-0.089712	0.0641004	0.330625	0.112447	-0.062933	-0.041986	0.0711489	0.261637	0.0178894	0.0124872	-0.02593	0.276457	-0.16645	0.0968654	-0.0274134	0.183296	-0.106799	-0.045527	0.119582	-0.0335483	-0.049755	-0.151374	-0.0261597	-0.0154223	0.0415833	-0.0235845	0.0613032
-0.0635495	-0.0519106	-0.0497067	-0.0241623	-0.0334509	-0.210259	-0.0756884	0.281434	-0.0547004	-0.0428878	-0.0452811	-0.066006	-0.03137	0.174032	-0.0284253	-0.0282575	-0.221005	-0.0312557	-0.0685754	-0.0290355	-0.0313675	-0.0360118	-0.0660817	-0.0753879	1	-0.0997295	-0.0684216	-0.0722512	-0.0990064	-0.21211	0.357813	-0.0904725	-0.0819639	-0.0490741	0.314065	-0.0561453	-0.0488781	-0.0422942	-0.0481904	-0.035758	-0.0612423	0.201347	-0.179649	0.742844	-0.0255022	-0.0314477	-0.0341238	-0.0505877	-0.105561	-0.0401638	-0.0540202	-0.0944349	0.239987	0.0170996	-0.0781273	0.20793	0.182039	-0.185285	-0.0497111	-0.146529	-0.00933891	-0.044482	0.224577	-0.150937	-0.196259	0.204437	0.103732	-0.110407	-0.0248518	0.149916	-0.0130614	0.240354	-0.161368	-0.0309122	-0.028672	0.380341	0.294267	0.284715
-0.0746762	0.169807	-0.0761215	0.0242062	-0.039774	0.200833	-0.0699973	-0.0831047	0.464582	-0.0884101	0.333746	-0.0985004	-0.0390601	-0.141284	0.0534175	-0.0418324	0.216491	-0.068221	0.658338	-0.0293701	-0.0569308	-0.0366038	-0.0828412	-0.108682	-0.0997295	1	-0.0877168	-0.114167	-0.14706	-0.29413	-0.282874	-0.118306	-0.0981688	-0.0585773	-0.0675315	0.406096	-0.0406627	-0.0568497	-0.0734213	-0.0512655	-0.0985232	-0.0980413	-0.0188085	-0.0802915	-0.0480635	0.263354	0.389659	-0.00700799	-0.125366	-0.0765654	0.499085	0.662143	0.0881881	-0.056344	-0.069293	-0.177389	-0.109031	0.323985	-0.0681762	0.250567	-0.0350871	0.222544	-0.297614	0.365822	0.294014	-0.0560603	0.238337	-0.0658653	-0.0513515	-0.145208	-0.0308134	-0.0922132	0.128903	-0.0554159	-0.0434468	-0.242801	-0.0537717	-0.180076
-0.0449681	-0.0354602	-0.0283123	-0.064321	0.0947016	0.206195	0.0177063	-0.0424293	-0.0489612	-0.0312887	-0.00704093	-0.0573756	-0.0251703	-0.0776938	-0.0282798	-0.0233818	-0.114482	-0.0322302	-0.0453222	-0.0323671	-0.0264601	-0.014148	-0.0410863	0.704161	-0.0684216	-0.0877168	1	-0.0693239	0.528427	-0.141809	-0.139901	-0.0139265	-0.064298	-0.0544312	-0.0362095	-0.0388801	-0.0247202	-0.0380555	-0.0465029	-0.0355711	-0.0613221	-0.0555788	-0.113755	-0.0597211	-0.0178151	-0.00792778	-0.0194948	-0.0519823	0.5071	-0.0386611	-0.0533222	-0.077116	0.126643	-0.0540322	-0.0591571	-0.102605	-0.0559312	0.248833	-0.0464438	-0.133107	-0.0215963	-0.0232772	0.167416	-0.0987579	0.243984	-0.0269262	0.278943	-0.0841087	-0.0325986	-0.0895838	-0.0358715	-0.0487646	-0.0647747	-0.0386085	-0.020984	-0.136239	-0.0312918	-0.0808061
-0.0522877	0.0453401	-0.0507727	-0.0990961	-0.0346538	-0.223413	-0.0416638	-0.0175991	-0.0605303	0.499355	-0.0396864	-0.0319244	-0.0234022	0.255529	-0.0301184	-0.0406553	-0.258397	-0.0476846	-0.0790606	-0.0190642	-0.0366835	-0.0464339	-0.0717152	0.319794	-0.0722512	-0.114167	-0.0693239	1	0.757824	-0.258473	-0.174939	-0.114866	-0.0849338	-0.0695579	-0.0407015	-0.0645134	-0.0284966	-0.0548235	0.625355	0.439392	-0.012022	-0.067148	-0.231336	-0.0599489	-0.02767	-0.0282349	-0.042182	-0.0836869	-0.107393	0.660657	-0.049734	-0.104567	0.0809584	0.443417	0.145846	0.18675	0.0816899	-0.266957	0.44684	0.0835453	0.200981	-0.0450219	0.314803	-0.194037	-0.246435	-0.0340695	-0.132604	-0.116778	-0.0398186	0.141352	-0.0327068	-0.0170841	-0.203515	0.0279545	-0.027734	0.343103	0.00742382	0.381859
-0.0654275	0.0107802	-0.0515186	-0.116053	-0.0392481	-0.0598849	-0.0539949	-0.0390719	-0.0766971	0.409443	-0.0379555	-0.0598502	-0.0334141	0.110066	-0.0373728	-0.0462105	-0.295355	-0.0607627	-0.0917381	-0.0336548	-0.0463816	-0.0413947	-0.0833897	0.676347	-0.0990064	-0.14706	0.528427	0.757824	1	-0.314459	-0.249831	-0.132736	-0.109872	-0.0850276	-0.0533202	-0.0745852	-0.0343054	-0.0696129	0.50126	0.351106	-0.097074	-0.0852528	-0.273155	-0.0830153	-0.0299825	-0.0260099	-0.0466075	-0.098782	0.233922	0.540077	-0.0703244	-0.128545	0.150114	0.346331	0.088932	0.0652306	0.0191506	-0.0682695	0.347791	-0.000216996	0.156196	-0.0532014	0.374145	-0.226616	-0.0491572	-0.0399902	0.0712754	-0.144916	-0.0506837	0.0328932	-0.0484376	-0.0428653	-0.224021	0.00901453	-0.0333746	0.192542	-0.011957	0.238329
0.15693	-0.0551266	0.243434	-0.0408676	0.13511	0.439695	0.272933	-0.15258	-0.111402	-0.185301	-0.102916	-0.260022	-0.083976	-0.367177	0.086808	0.156465	0.658827	-0.12382	-0.182095	-0.091102	-0.132324	0.136218	0.278472	-0.229068	-0.21211	-0.29413	-0.141809	-0.258473	-0.314459	1	-0.605517	0.456687	0.353467	0.264379	-0.14603	-0.0803558	-0.00434663	0.201908	-0.167333	-0.114719	-0.217299	-0.213184	0.706687	-0.175953	0.133089	-0.0909067	-0.128602	0.234069	0.195609	-0.179367	-0.155475	-0.119512	-0.716698	-0.152449	0.203084	-0.421001	-0.242374	0.41876	-0.175622	0.143235	-0.0854608	-0.015244	-0.764423	0.383657	0.409964	-0.0966421	-0.333383	0.445079	-0.114447	-0.319183	0.0269922	-0.173527	0.456657	-0.150299	-0.0765313	-0.520175	-0.112492	-0.386674
-0.0691007	-0.0805375	-0.161046	0.0935953	-0.0793344	-0.534469	-0.177176	0.247701	-0.156242	-0.0282014	-0.095874	0.373883	0.136049	0.496491	-0.0638076	-0.0929124	-0.620188	0.218569	-0.196234	0.143794	0.208708	-0.0850043	-0.169696	-0.145514	0.357813	-0.282874	-0.139901	-0.174939	-0.249831	-0.605517	1	-0.264818	-0.211055	-0.1476	0.239442	-0.155047	0.0450193	-0.115908	-0.120362	-0.0860494	0.361443	0.352675	-0.518891	0.299606	-0.0817561	-0.0673003	-0.103748	-0.163143	-0.255856	-0.132971	-0.136403	-0.250073	0.589367	-0.0478621	-0.215414	0.647339	0.378157	-0.603009	-0.006315	-0.304058	0.00439947	-0.105048	0.730966	-0.474676	-0.57184	0.167443	0.12908	-0.287313	0.190123	0.420176	0.0251383	0.280345	-0.4035	0.191023	0.131683	0.577037	0.163317	0.404751
0.130696	-0.0247276	0.0743605	-0.0420032	0.300367	0.218651	0.457066	-0.0736105	-0.0611146	-0.0706938	-0.0457928	-0.0958719	-0.0386622	-0.136204	0.0920277	-0.0432154	0.423541	-0.0406867	-0.0894978	-0.0391923	-0.0629072	0.323011	-0.082273	-0.100012	-0.0904725	-0.118306	-0.0139265	-0.114866	-0.132736	0.456687	-0.264818	1	-0.108125	0.604303	-0.0522503	-0.0963732	-0.0482646	-0.058652	-0.0822145	-0.0585833	-0.0968438	-0.0833271	0.517587	-0.0780349	-0.0322526	-0.0400545	-0.0529522	0.147448	-0.128394	-0.0701449	-0.0716386	-0.0729626	-0.342896	-0.084432	-0.133622	-0.16645	-0.0911928	0.14586	-0.0845031	0.123164	-0.0439146	-0.0174896	-0.355879	0.164417	0.161549	-0.0455665	-0.201782	0.28064	-0.0506298	-0.140605	-0.0359871	-0.0760974	0.196333	-0.0658008	-0.0365893	-0.227711	-0.0431865	-0.157609
-0.0481634	-0.0178468	-0.0257322	-0.107926	-0.0316884	0.24632	-0.0687692	-0.0531908	-0.0382216	-0.0649134	-0.0291626	-0.0910382	-0.0270475	-0.112008	-0.0270308	-0.0157589	-0.146304	-0.0495604	-0.0124546	-0.0330859	-0.0407588	-0.0299784	-0.062408	-0.0792667	-0.0819639	-0.0981688	-0.064298	-0.0849338	-0.109872	0.353467	-0.211055	-0.108125	1	-0.0507697	-0.0645297	-0.064551	-0.0208031	0.576928	-0.0556127	-0.0328894	-0.0863801	-0.0822949	-0.212445	-0.0582414	-0.0228449	-0.0387116	-0.0507793	-0.0664749	0.768783	-0.0631124	-0.0471465	-0.0876557	-0.275068	-0.0497784	0.788815	-0.129402	-0.0726781	-0.240145	-0.0599755	0.480415	-0.0354034	-0.0351489	-0.272579	-0.170489	0.36996	-0.0402162	-0.156336	0.671674	-0.0400166	-0.116499	-0.0224776	-0.0713187	-0.150434	-0.0550113	-0.019598	-0.186704	-0.0299679	-0.13559
-0.0301763	-0.0231284	0.184105	0.0377854	-0.0268681	0.117463	0.129782	-0.0365126	-0.0402035	-0.0459915	-0.0291445	-0.0352792	-0.0184985	-0.0601246	0.109721	-0.0254074	0.238968	-0.0343811	-0.0499769	-0.00880937	-0.0402456	0.0124893	-0.047276	-0.0652639	-0.0490741	-0.0585773	-0.0544312	-0.0695579	-0.0850276	0.264379	-0.1476	0.604303	-0.0507697	1	-0.0275541	-0.0582208	-0.0265351	-0.0285285	-0.0447024	-0.0278757	-0.0585181	-0.0486532	0.289819	-0.0479185	-0.0241707	-0.0255573	-0.0300686	-0.00278799	-0.073278	-0.0443475	-0.0444265	-0.0824064	-0.206227	-0.0472501	-0.0757611	-0.0792026	-0.0395853	-0.15112	-0.0372589	0.317955	-0.0271372	-0.0314213	-0.204701	-0.115208	0.259215	-0.0199428	-0.1324	0.478854	-0.0350375	-0.0806455	-0.0238627	-0.0424698	-0.083189	-0.037161	-0.0115145	-0.129316	-0.0224865	-0.0938816
-0.0396281	-0.0192265	-0.0310348	0.075437	-0.0271255	-0.144383	-0.0497653	0.687333	-0.0299576	-0.0111074	-0.0305786	0.00105262	-0.0159112	0.186227	0.00241011	-0.029085	-0.147824	-0.017267	-0.0416408	-0.0160893	-0.0301094	-0.018015	-0.0514649	-0.0422348	0.314065	-0.0675315	-0.0362095	-0.0407015	-0.0533202	-0.14603	0.239442	-0.0522503	-0.0645297	-0.0275541	1	-0.0395236	-0.0335218	-0.031664	-0.0373169	-0.026361	-0.0450411	0.667178	-0.119477	-0.0531628	-0.0131838	-0.0145488	-0.0186366	-0.0445094	-0.0716505	-0.0236954	-0.0354443	-0.0636738	0.163939	-0.0113333	-0.0577374	0.202902	0.155211	-0.144443	-0.0429259	-0.112927	0.01561	-0.0336545	0.178733	-0.104677	-0.1535	0.35299	-0.102954	-0.074858	-0.0143097	0.378422	-0.010143	0.633225	-0.102047	-0.0118259	-0.0212331	0.22685	-0.0295138	0.188459
-0.00804871	0.279871	-0.0402416	0.116658	-0.037124	-0.0484173	0.0455246	-0.0383224	-0.0277324	-0.0515964	-0.0358891	-0.0767496	-0.0138384	-0.0732133	0.0205927	-0.0144046	0.22984	-0.0394481	-0.0532697	-0.029122	-0.0224362	-0.018299	-0.0427254	-0.0452913	-0.0561453	0.406096	-0.0388801	-0.0645134	-0.0745852	-0.0803558	-0.155047	-0.0963732	-0.064551	-0.0582208	-0.0395236	1	-0.00523091	-0.0497274	-0.0338913	-0.0235721	-0.0511329	-0.0596629	-0.160406	-0.0491624	-0.0289239	-0.0167245	-0.0376267	-0.0370204	-0.0763685	-0.052711	-0.0390498	0.587339	0.162766	-0.027296	-0.0136186	-0.10057	-0.0617312	0.121334	-0.0312303	0.11576	-0.00839478	0.530827	-0.102871	0.0771863	0.263866	-0.0166659	0.193936	-0.0219941	-0.0310189	-0.0732418	-0.015021	-0.0481949	0.0323749	-0.0348465	-0.0118739	-0.128554	-0.0343635	-0.0965814
0.258618	-0.0210784	-0.0286221	-0.0519435	-0.01565	0.00319684	-0.0404312	-0.0347511	-0.0254578	-0.029473	-0.0199832	-0.022017	0.627205	-0.0519421	-0.0180767	-0.0115219	-0.0045331	-0.0146546	-0.0345933	-0.0196561	-0.0250489	-0.0125757	0.177094	0.000871969	-0.0488781	-0.0406627	-0.0247202	-0.0284966	-0.0343054	-0.00434663	0.0450193	-0.0482646	-0.0208031	-0.0265351	-0.0335218	-0.00523091	1	-0.0148139	0.00752367	0.0184765	-0.0471393	-0.0385401	-0.00426179	-0.0428653	-0.0202919	-0.0102753	-0.0204575	-0.034143	-0.0328104	-0.0317321	-0.0170293	-0.0201134	0.0199829	-0.00630053	-0.0218449	-0.00197331	-0.0131454	-0.000950311	-0.00552895	0.137995	-0.0181907	-0.0174792	0.0167938	0.0289705	0.00847545	0.551787	0.124026	-0.0318507	-0.0154583	-0.0508099	-0.00954509	-0.0330468	0.184311	-0.0372942	0.681286	-0.0934413	-0.0272538	-0.0712477
-0.0395847	-0.0211344	-0.0120509	-0.0547553	-0.0237779	0.153698	-0.0495504	-0.0200539	-0.0148568	-0.0294068	-0.0303112	-0.0493262	-0.0283414	-0.0613311	-0.0101295	-0.000465584	-0.112785	-0.0352277	-0.0400851	-0.0231031	-0.0168107	-0.0110854	-0.0334264	-0.05086	-0.0422942	-0.0568497	-0.0380555	-0.0548235	-0.0696129	0.201908	-0.115908	-0.058652	0.576928	-0.0285285	-0.031664	-0.0497274	-0.0148139	1	-0.0462435	-0.0254416	-0.0431139	-0.0503908	-0.129511	-0.0265505	-0.00885052	-0.0221847	-0.0290848	-0.0423563	0.453011	-0.0339611	-0.0236288	-0.046496	-0.144193	-0.0372652	0.448933	-0.0740846	-0.0459999	-0.143103	-0.0448931	0.277468	-0.0275169	-0.0267161	-0.154828	-0.105162	0.217268	-0.029322	-0.0788544	0.388398	-0.0261646	-0.0675789	0.00233382	-0.0475419	-0.097186	-0.0282954	-0.0200326	-0.103359	-0.00946541	-0.0679606
-0.0122808	0.0767418	-0.0242858	-0.0545129	-0.0198506	-0.128896	-0.00318337	-0.0278316	-0.0379685	0.0149854	-0.0385971	-0.00153442	-7.65462e-05	0.165269	-0.0208443	-0.0212269	-0.166273	-0.0273349	-0.0536422	-0.0073396	-0.0176613	-0.0319964	-0.042964	0.403104	-0.0481904	-0.0734213	-0.0465029	0.625355	0.50126	-0.167333	-0.120362	-0.0822145	-0.0556127	-0.0447024	-0.0373169	-0.0338913	0.00752367	-0.0462435	1	0.705971	-0.0506011	-0.0529662	-0.155334	-0.0432028	-0.0140702	-0.0261391	-0.0371393	-0.0527757	-0.0729345	-0.0359024	-0.0360252	-0.0612228	-0.15633	0.724996	0.311402	-7.89503e-05	-0.0283703	-0.176992	0.768602	0.286149	0.358818	-0.022354	0.209111	-0.125544	-0.159656	-0.0147907	-0.0954235	-0.0780541	-0.0253399	0.187311	-0.0279191	-0.0344369	-0.137446	0.00185673	-0.00851622	0.136077	0.0312408	0.0906798
-0.0197478	-0.0222345	0.00646605	-0.0544723	-0.0131407	-0.110218	-0.0403253	-0.0307295	-0.0259195	-0.0101918	-0.021976	-0.0241261	0.00669338	0.162257	-0.0159748	-0.0186427	-0.117639	-0.0280505	-0.0354951	-0.0064297	-0.00942324	-0.0199063	-0.0227962	0.466872	-0.035758	-0.0512655	-0.0355711	0.439392	0.351106	-0.114719	-0.0860494	-0.0585833	-0.0328894	-0.0278757	-0.026361	-0.0235721	0.0184765	-0.0254416	0.705971	1	-0.038785	-0.0407384	-0.11019	-0.0238342	-0.0228875	-0.0135128	-0.0222102	-0.0342677	-0.0454327	-0.0190669	-0.0216056	-0.0394236	-0.113963	0.653507	0.304766	-0.0228723	-0.0129205	-0.128682	0.572137	0.223005	-0.013702	-0.0159875	0.145065	-0.0933687	-0.105917	0.00302997	-0.0638854	-0.0492238	-0.0197014	0.27863	-0.0208282	-0.0381281	-0.0936374	-0.0236807	0.0100986	0.190514	0.0047772	0.146066
-0.0732571	-0.0205626	-0.06304	-0.0932243	-0.0179473	-0.18958	-0.056176	0.00369726	-0.0553328	0.0352004	-0.0219227	-0.0375512	-0.0339581	0.235241	-0.0305654	-0.0381244	-0.219089	-0.0181318	-0.0653688	-0.0252196	-0.0475655	-0.0275184	-0.0595645	-0.00595979	-0.0612423	-0.0985232	-0.0613221	-0.012022	-0.097074	-0.217299	0.361443	-0.0968438	-0.0863801	-0.0585181	-0.0450411	-0.0511329	-0.0471393	-0.0431139	-0.0506011	-0.038785	1	-0.0659968	-0.189106	-0.04609	-0.0277512	-0.0186633	-0.0335772	-0.0515319	-0.105048	-0.0624073	-0.0496196	-0.0855434	0.247952	-0.0429906	-0.0928531	0.331794	0.164709	-0.224061	-0.0318206	-0.14985	-0.00780905	-0.0278054	0.274446	-0.171193	-0.219738	-0.0341222	-0.119121	-0.11047	-0.0367456	0.555067	0.172345	0.00441809	-0.159327	0.506836	-0.0311218	0.36993	-0.0241063	0.333155
-0.0577241	-0.0170501	-0.054683	0.0475938	-0.035496	-0.197041	-0.0585297	0.523647	-0.0490816	-0.0295986	-0.0397752	0.0474398	-0.027928	0.260248	-0.00383507	-0.0358868	-0.217591	0.599054	-0.0617089	-0.00386807	-0.0431128	-0.0306925	-0.0625122	-0.0695114	0.201347	-0.0980413	-0.0555788	-0.067148	-0.0852528	-0.213184	0.352675	-0.0833271	-0.0822949	-0.0486532	0.667178	-0.0596629	-0.0385401	-0.0503908	-0.0529662	-0.0407384	-0.0659968	1	-0.178503	-0.0510426	-0.0252454	-0.0266674	-0.0329952	-0.0524184	-0.102235	-0.0425581	-0.0501838	-0.0883232	0.261235	-0.0325051	-0.0850491	0.259502	0.218278	-0.216833	-0.0554939	-0.161622	0.00117456	-0.0439474	0.26393	-0.158958	-0.214889	0.220276	-0.00562601	-0.100491	0.532619	0.264113	-0.0250211	0.483405	-0.157643	-0.028247	-0.0338195	0.302176	-0.0410024	0.199026
0.155399	-0.0281037	0.246337	0.0330239	0.150579	0.320093	0.245607	-0.13408	-0.0951869	-0.162632	0.161759	-0.212639	-0.0797701	-0.30959	0.099798	0.153903	0.658467	-0.107132	0.0240584	-0.0810833	-0.119876	0.142216	0.289825	-0.201099	-0.179649	-0.0188085	-0.113755	-0.231336	-0.273155	0.706687	-0.518891	0.517587	-0.212445	0.289819	-0.119477	-0.160406	-0.00426179	-0.129511	-0.155334	-0.11019	-0.189106	-0.178503	1	-0.152198	0.143601	0.129519	0.198027	0.331019	-0.273583	-0.151702	-0.145641	-0.20674	-0.701319	-0.132214	-0.25432	-0.356466	-0.210682	0.644271	-0.15622	-0.185079	-0.0745165	-0.0525718	-0.698972	0.566263	0.118508	-0.0887322	-0.368801	0.0572026	-0.0954037	-0.279936	0.0357707	-0.147056	0.695234	-0.123791	-0.0800144	-0.453141	-0.101451	-0.33064
-0.0585486	-0.0391977	-0.0448427	-0.0999794	-0.0338328	-0.159175	-0.0477539	-0.0430587	-0.04573	-0.0436386	-0.0316513	-0.0582201	-0.0288958	0.142957	-0.0288671	-0.0151166	-0.187205	-0.0188632	-0.0545692	-0.0213467	-0.0285591	-0.0284794	-0.0450087	-0.0662651	0.742844	-0.0802915	-0.0597211	-0.0599489	-0.0830153	-0.175953	0.299606	-0.0780349	-0.0582414	-0.0479185	-0.0531628	-0.0491624	-0.0428653	-0.0265505	-0.0432028	-0.0238342	-0.04609	-0.0510426	-0.152198	1	-0.0253565	-0.0286476	-0.0307838	-0.0291867	-0.0845839	-0.0359594	-0.0417688	-0.0753428	0.190603	0.0245343	-0.0530756	0.187011	0.158517	-0.141528	-0.0487574	-0.114517	-0.0236615	-0.0340042	0.169395	-0.120473	-0.15026	-0.0449157	0.183369	-0.0891219	-0.0210516	-0.0268319	-0.00623822	-0.0489138	-0.138236	-0.018948	-0.0253992	0.310216	0.339617	0.200379
0.028224	-0.0132942	0.0896053	0.0151822	-0.0165245	0.0275733	0.0459881	-0.00530601	-0.0129906	-0.0177588	-0.0175287	-0.0401652	-0.00905216	-0.044787	0.233915	-0.00748933	0.0839606	-0.0251984	-0.0208212	-0.0154416	-0.0167094	-0.0191816	-0.0173894	-0.0189927	-0.0255022	-0.0480635	-0.0178151	-0.02767	-0.0299825	0.133089	-0.0817561	-0.0322526	-0.0228449	-0.0241707	-0.0131838	-0.0289239	-0.0202919	-0.00885052	-0.0140702	-0.0228875	-0.0277512	-0.0252454	0.143601	-0.0253565	1	-0.00409713	-0.0124289	-0.0143493	-0.0295887	-0.0205551	-0.0121965	-0.0354708	-0.102921	-0.0209283	-0.0285405	-0.0579285	-0.0331859	0.12383	-0.0148259	-0.0555817	-0.0127481	-0.00571052	-0.10914	0.116756	-0.0110446	-0.00656298	-0.0481997	-0.0152234	-0.023434	-0.0413132	-0.0218298	-0.0153056	0.127936	-0.0200571	-0.0118251	-0.0666791	-0.0281784	-0.0442839
-0.0131327	-0.0120469	-0.0267313	-0.0542427	-0.0155935	0.109691	-0.028628	-0.014529	-0.0213344	-0.0154441	0.565745	-0.0329233	-0.0122535	-0.0364696	-0.00088446	-0.0193704	-0.0815765	-0.0235365	0.319057	-0.00356137	-0.00130326	-0.0133615	-0.0105343	-0.0178	-0.0314477	0.263354	-0.00792778	-0.0282349	-0.0260099	-0.0909067	-0.0673003	-0.0400545	-0.0387116	-0.0255573	-0.0145488	-0.0167245	-0.0102753	-0.0221847	-0.0261391	-0.0135128	-0.0186633	-0.0266674	0.129519	-0.0286476	-0.00409713	1	0.726713	-0.0316179	-0.0348561	-0.0106886	-0.0236427	-0.02955	-0.0834654	-0.0188703	-0.0393512	-0.0352005	-0.0123326	0.119438	-0.0235917	-0.0655192	-0.0166747	-0.0118238	-0.0869526	0.163762	-0.0729293	-0.00886685	-0.0592962	-0.028515	-0.00978012	-0.0214478	-0.0109496	-0.0104594	0.126709	-0.00145514	-0.0155308	-0.0539018	-0.0195509	-0.0373265
-0.0253004	-0.0282382	-0.0376113	-0.0498166	-0.0190464	0.142156	-0.0353428	-0.0268574	-0.0207608	-0.0264787	0.715119	-0.00815916	-0.0165657	-0.0555396	-0.00810199	-0.0298828	-0.12297	-0.0317015	0.511099	-0.0188732	-0.0180527	-0.018233	-0.0289135	-0.036904	-0.0341238	0.389659	-0.0194948	-0.042182	-0.0466075	-0.128602	-0.103748	-0.0529522	-0.0507793	-0.0300686	-0.0186366	-0.0376267	-0.0204575	-0.0290848	-0.0371393	-0.0222102	-0.0335772	-0.0329952	0.198027	-0.0307838	-0.0124289	0.726713	1	-0.0428235	-0.0526834	-0.0168438	-0.0287003	-0.0499011	-0.138831	-0.0250798	-0.0507005	-0.0667792	-0.040239	0.175138	-0.0322405	-0.0924526	-0.0159129	-0.0278242	-0.139037	0.257073	-0.117748	-0.0156565	-0.0911835	-0.0403812	-0.0198065	-0.0497478	-0.0214008	-0.0254965	0.206206	-0.0161705	-0.020707	-0.0875468	-0.0200424	-0.0622557
0.0920994	-0.0293932	0.0457389	0.0676958	-0.020649	0.0331026	0.158878	-0.0417452	-0.0198116	-0.0636308	-0.0279827	-0.0739114	-0.0327285	-0.0943945	0.0152938	-0.0148083	0.227054	-0.0298523	-0.0672875	-0.0276786	-0.0349277	-0.0319605	-0.0386672	-0.0718104	-0.0505877	-0.00700799	-0.0519823	-0.0836869	-0.098782	0.234069	-0.163143	0.147448	-0.0664749	-0.00278799	-0.0445094	-0.0370204	-0.034143	-0.0423563	-0.0527757	-0.0342677	-0.0515319	-0.0524184	0.331019	-0.0291867	-0.0143493	-0.0316179	-0.0428235	1	-0.0927792	-0.0561481	-0.0530713	0.0070478	-0.176762	-0.0238085	-0.07549	-0.104093	-0.0629912	0.242436	-0.0537685	-0.0878164	-0.0108337	0.0459601	-0.200673	-0.0508271	0.258433	-0.0302756	-0.0202821	-0.0446597	-0.0227181	-0.0888765	-0.00383075	-0.0427047	0.194753	-0.0378329	-0.0284585	-0.141859	-0.0356264	-0.108515
-0.0582007	-0.0383318	-0.0382603	-0.127761	-0.0357301	0.320358	-0.0749842	-0.0659131	-0.0535866	-0.0727127	-0.023213	-0.112765	-0.0389885	-0.143919	-0.0370257	-0.0240547	-0.19475	-0.0637547	-0.0290015	-0.0464861	-0.0478836	-0.0306832	-0.0637087	0.370158	-0.105561	-0.125366	0.5071	-0.107393	0.233922	0.195609	-0.255856	-0.128394	0.768783	-0.073278	-0.0716505	-0.0763685	-0.0328104	0.453011	-0.0729345	-0.0454327	-0.105048	-0.102235	-0.273583	-0.0845839	-0.0295887	-0.0348561	-0.0526834	-0.0927792	1	-0.0737733	-0.0672931	-0.120115	-0.127655	-0.07485	0.633705	-0.168484	-0.0955586	-0.0558163	-0.0746565	0.319777	-0.049864	-0.0413257	-0.0923685	-0.220956	0.472396	-0.0510664	0.0631103	0.512811	-0.0554594	-0.143603	-0.0367482	-0.0827276	-0.208993	-0.0632016	-0.0316796	-0.233259	-0.0409032	-0.155877
