1	-0.0296941	-0.0331493	-0.0213994	0.921128	-0.0249679	-0.0909817	-0.0342789	-0.0270477	0.270915	-0.0289245	0.33769	-0.0309246	-0.155129	-0.0168452	-0.033137	-0.0290575	-0.0173012	-0.105187	-0.0755884	0.0355542	-0.0111581	-0.0664731	0.01135	-0.0381322	0.169434	0.181242	0.315701	-0.0406847	-0.0220473	0.253537	-0.0349658	-0.0310043	0.140806	-0.0604132	-0.00329043	-0.0186664	-0.0499596	0.0285181	-0.0162866	0.0209686	0.0996517	-0.0674293	-0.0131398	-0.0489339	-0.00607107	0.0719848	0.287274	0.0062163	-0.0117128	0.00493256	0.213615	-0.002524	-0.00546887	-0.0156445	0.0329834	-0.00439738	-0.039746	0.0683513	0.129757	-0.0715413	-0.0485553	0.00593059	-0.0313997	0.00773069	-0.0193544	0.0316516	0.125199	-0.022955	-0.0081143	-0.00507459	-0.0281787	0.00204704	-0.0128694	-0.0167468	-0.025469	0.102351	0.106832	-0.0108336	-0.0345164	0.0231719	-0.0226133	-0.0143997	-0.0210802	0.00229039	0.0199709	0.0118824	0.0298245	-0.0139528	0.0138186	0.000496081	-0.0221478	-0.0135665	0.0308304	-0.0342981	0.0170992	-0.0308335	0.00838431	0.000733673	-0.0216187	-0.013138	0.0147385	0.0372734	-0.0190379	0.00911419	-0.000699377	-0.0155014	-0.0383747	-0.0113725	-0.0207184	-0.00749795	-0.0118241	-0.0150361	0.0172278	-0.01952	0.0177934	-0.0147314	-0.0145486	-0.00910391	0.00171325	-0.0410954	0.077801	-0.000761992	-0.0255062	0.0619551	-0.0213024	0.0287353	0.00430531	-0.0143333	0.0328546	-0.0172679	0.0498927	0.0127445	0.024287	-0.00472744	-0.0217606	-0.0198379	0.0324623	0.00654235	-0.00638198	-0.0233936	-0.0205294	-0.0175754	-0.0357876	-0.00471603	-0.00190208	-0.0051577	0.0661029	0.0307295	-0.0109229	-0.00954253	-0.00890816	-0.0173029	0.00664204	0.0155098	-0.0323482	-0.0297886	0.136476	-0.0270381	-0.0318137	-0.00687208	-0.0149394	-0.0197927	-0.0278578	-0.0241033	0.0421911	-0.00290587	-0.00412184	0.0127645	0.0713691	-0.00479161	0.000341035	-0.0148531	-0.0181225	0.0148867	0.0186805	0.0890651	-0.0177634	-0.00715522	0.0150211	-0.0189669	-0.0192988	-0.00577677	-0.0141418	-0.0136761	0.00818976	0.0317984	0.0559555	-0.00234097	-0.01464	0.012185	0.0599273	-0.035772	0.0294324	-0.0213388	-0.0123646	0.00271178	-0.0178906	0.020979	-0.0221107	-0.0178721	-0.0216964	-0.0246022	-0.0209079	0.0205283	0.000502153	-0.0329582	0.00570405	0.0169311	0.0211361	-0.0131249	-0.00314747	0.0122334	0.0217928	-0.00217166	0.0658276	-0.0247247	-0.00517281	0.011152	-0.000780222
-0.0296941	1	-0.023985	-0.00732638	-0.0331291	-0.0197589	-0.0811008	-0.0369471	-0.0244694	-0.126031	-0.0351132	-0.0879178	-0.0376322	0.19383	-0.0219589	-0.0713752	-0.0290126	-0.0277785	0.262833	0.00302608	-0.00112555	-0.0354403	0.104661	0.0602106	-0.00390425	-0.0537941	-0.0444013	-0.0228176	0.0277735	0.0311152	0.0033189	0.00193384	-0.0552506	-0.0132421	-0.0481338	-0.0141017	-0.0218919	0.178202	-0.0704538	0.429683	-0.0290945	-0.035904	0.155383	-0.0101548	0.186807	0.0276064	0.135904	-0.0220434	-0.0242767	0.04191	-0.033562	-0.00889726	0.200465	0.00653049	0.0131017	0.00253731	-0.0309141	0.080323	-0.0318532	-0.0191682	-0.0103071	-0.00318176	-0.00950557	-0.0149928	-0.0259625	-0.0169382	-0.0352296	0.00288307	-0.0169859	0.241743	-0.0259704	-0.0208832	-0.0176423	-0.0301743	-0.0175793	-0.0169161	-0.00962575	-0.00999099	-0.0148452	-0.0134398	0.0197049	0.00406257	-0.0241532	-0.0274166	-0.0351759	-0.0460411	-0.0282339	-0.0302863	0.0377929	-0.0211281	-0.0317518	-0.0231819	-0.0266442	-0.0154498	0.145415	-0.0638394	-0.0100513	-0.0328946	-0.00362003	-0.0141473	0.00892702	-0.0140264	-0.0284074	-0.0138143	-0.00193949	0.00305202	0.0261268	0.086992	0.0281418	0.0541048	0.00152328	0.00732054	-0.006546	-0.0361221	-0.0193045	0.0187614	-0.029577	-0.011665	0.0075323	0.00160179	0.0805636	-0.0285537	-0.0541422	0.0279866	-0.0140379	-0.0103123	-0.0283539	-0.018831	0.161785	-0.0341488	-0.0403685	-0.0268819	-0.0610602	-0.017728	-0.0145956	-0.0127056	-0.0344844	-0.0251044	-0.0248806	0.0552925	-0.0019578	0.0250296	0.027392	0.149024	-0.0186399	-0.0103631	-0.0366346	-0.0238939	-0.0322477	-0.00886558	0.0580862	0.0064221	0.0525366	-0.0260118	0.0232947	0.0619126	0.086667	-0.00281171	0.0754134	0.0967163	-0.0225413	-0.0145602	-0.0206183	-0.0158815	-0.00786517	-0.00965054	-0.020096	-0.0286371	-0.00760791	-0.0138967	-0.00796695	0.00331111	0.00210113	0.0206143	0.0211014	-0.0238201	-0.0093281	-0.0348808	-0.0346297	0.0151235	0.0214047	-0.00605511	0.0291406	0.0239302	0.00141102	-0.011835	0.00919417	-0.0185701	0.0724458	0.0496989	-0.0085222	-0.0144247	-0.0144843	-0.0244992	2.20517e-05	0.0298122	-0.0177948	-0.0193922	-0.00935877	0.00360065	0.00263662	-0.00312556	-0.0135696	-0.0232968	0.0254324	0.0149476	-0.01533	0.065147	0.0127249	0.0115583	0.00305263	0.000467374	0.0227479	-0.0072508	-0.0213237	-0.0141853	-0.0236667	-0.00762177	-0.00785055	-0.0196745
-0.0331493	-0.023985	1	-0.0188521	-0.0390428	-0.019788	-0.0614884	-0.0330708	-0.0189771	0.214174	-0.0347367	-0.0757248	-0.033126	-0.145641	-0.0214696	-0.0495616	-0.025374	0.701267	0.130317	-0.0309789	-0.00761526	-0.0177868	0.0251401	-0.00578902	-0.0189853	-0.0353102	-0.0372367	-0.0180332	0.279468	0.00109523	-0.00515413	0.00504609	-0.02744	-0.0173012	0.0423749	-0.0309414	-0.00804356	0.0622591	-0.0718928	0.00869565	-0.0327463	-0.0328449	0.0431709	-0.00306577	0.0647045	-0.0261252	0.0350983	-0.0121007	-0.0109063	0.0147336	-0.0252723	-0.0064172	-0.0181253	-0.0354158	-0.00967453	-0.00243562	-0.0155286	-0.0344444	0.0341143	-0.0111647	0.0865833	0.0629836	0.00640159	0.00523217	-0.0274824	-0.0333755	-0.00596708	-0.0184444	-0.0211357	-0.0115939	-0.0183098	0.0300989	-0.00832011	-0.0141718	-0.00610821	0.00455461	-0.0244045	0.00629114	-0.0203997	0.00900674	-0.0205014	-0.0248824	-0.0136552	0.00564743	-0.0405763	-0.0217709	-0.00466704	0.0111489	-0.0461357	-0.0118598	0.016021	0.0215969	-0.0230022	-0.0232167	-0.0172025	-0.00114384	0.00538836	0.00917122	0.00868915	-0.0363874	-0.0108401	-0.00789667	-0.00244144	0.00943739	-0.0323885	-0.0243361	-0.021962	0.0095031	-0.0137797	-0.00276665	-0.0229557	0.0748089	-0.0219998	-0.0305486	-0.0227849	-0.0264293	-0.0139739	-0.0144541	-0.0203202	-0.0235384	0.0190379	-0.0225513	-0.018733	-0.00762285	0.00649523	-0.0221137	-0.0195674	-0.0413146	0.0101621	-0.0372225	-0.0408152	-0.00422422	-0.0648602	-0.00226611	-0.009443	-0.0104935	-0.0460008	-0.0152112	-0.0206842	-0.0266513	-0.0233146	-0.00379867	-0.00316333	0.0126562	-0.0215443	0.00816341	-0.0349316	-0.0181753	-0.0284443	-0.0174582	-0.0286318	-0.0186836	-0.021359	-0.0217116	-0.0394704	-0.000448027	0.00604683	-0.0203501	-0.0183831	0.0165977	0.0279315	-0.0102006	-0.0229401	-0.0219027	-0.0101917	-0.0119271	-0.00467083	-0.0104066	-0.0123551	0.00557862	0.0210524	0.204989	0.14752	0.0648703	-0.0103974	-0.014404	-0.0189607	0.0520899	-0.0261956	-0.022102	0.0661081	-0.00774776	0.0365707	-0.0203597	-0.0154637	-0.022549	-0.00645556	0.00832638	-0.0247781	-0.00952153	-0.0314184	-0.0205194	-0.00273721	-0.0120777	-0.0289456	0.0558947	-0.0246649	-0.0155088	-0.0147201	-0.0484694	-0.00724419	-0.0061367	-0.0242844	-0.00593324	0.0252776	-0.0231291	-0.0187466	-0.0232275	0.01129	-0.00455387	-0.000601026	0.0460022	0.110696	-0.00262883	-0.0227517	-0.00358993	-0.0198106	-0.0038381	0.0586614	-0.00676138
-0.0213994	-0.00732638	-0.0188521	1	-0.0211261	-0.0159393	-0.0331083	-0.0277455	-0.0124376	-0.0763232	-0.0113671	0.187978	-0.0267041	-0.0900469	-0.020843	-0.0347898	-0.0148949	0.0172871	-0.060271	-0.0779823	-0.0664708	-0.0282114	-0.050391	0.0265257	0.156291	-0.0252661	-0.0167762	-0.0203019	0.0412617	0.0721461	-0.00879265	-0.0130671	-0.0177977	-0.0274697	-0.0216252	0.00333951	-0.0142605	-0.0430322	-0.0290771	-0.00561247	-0.015195	0.093691	0.0618435	-0.018182	-0.0410324	-0.0124852	-0.0536691	-0.0156461	-0.0155938	0.023604	-0.0238914	-0.0215316	-0.0200533	0.00594712	-0.0136978	-0.0511676	-0.0181023	-0.01911	-0.045026	-0.0197673	0.00959175	-0.0289842	-0.0125068	-0.00194961	-0.0211576	-0.0215681	0.0507741	0.0320469	-0.0140187	-0.0135287	-0.0210533	-0.0197821	-0.0189479	0.00256753	-0.0249574	-0.0116774	0.0082563	-0.0174202	-0.0168259	-0.00522545	0.0236047	0.0142779	-0.00902239	-0.0136472	0.00787506	-0.0162034	-0.0130086	0.056688	-0.0326534	-0.00234485	0.0408109	-0.00652271	0.0072624	-0.00887373	1.38795e-05	0.0198699	-0.00108408	-0.0250297	-0.00675043	-0.0237481	0.00321564	0.00858009	0.0611482	-0.012209	0.0087121	-0.0220525	0.0313231	-0.00466031	0.0157453	0.000580589	0.00408048	0.221814	-0.0197016	-0.0259023	0.00377743	0.00393193	-0.00609114	-0.0138513	-0.00998512	-0.00230711	-0.0168104	0.0278482	-0.032976	-0.0349645	0.0814989	-0.0218466	-0.00904635	-0.0222684	0.000513071	0.0302577	-0.0333872	0.0626436	-0.00306074	-0.00821425	-0.0177627	-0.0112531	-0.0388223	0.0461071	0.00434216	0.00838099	-0.0184087	-0.0148401	-0.0329262	0.0739527	-0.0216567	-0.00644171	-0.016724	-0.00233127	-0.0275565	-0.0162031	0.00547821	0.00310618	-0.0315676	-0.0026634	0.0117026	0.0825956	0.0379275	-0.0186702	0.044003	0.0915494	-0.00741742	-0.0210224	-0.00918521	-0.00764667	-0.00725377	-0.00835017	0.0270609	0.057928	0.00678118	-0.0101419	0.000826935	0.0716224	0.0787368	0.0674509	0.0371654	-0.0174676	-0.0119426	-0.0141525	-0.0199742	-0.0135123	0.0779765	-0.0198068	0.0404778	-0.0146777	-0.00760816	-0.0228275	-0.00948378	-0.0104092	-0.00252968	-0.00147261	-0.0254657	-0.0150682	-0.00609829	-0.0170957	-0.0106021	0.0768408	-0.0174486	-0.0366605	-0.0242874	0.00942427	-0.0128715	-0.000414272	0.0132979	-0.0143709	0.0447118	0.0075337	0.013828	0.00413466	-0.0188102	-0.0125579	0.0214526	0.0159761	0.0258124	-0.0136975	-0.0196771	-0.00801407	0.000677393	-0.0272091	-0.0224756	-0.00165474
0.921128	-0.0331291	-0.0390428	-0.0211261	1	-0.0280517	-0.094406	-0.0402645	-0.0285077	0.293114	-0.0321869	0.301553	-0.035607	-0.117034	-0.0228386	-0.0376351	-0.0327216	-0.0211118	-0.0542946	-0.0932116	0.0122024	-0.0138838	-0.0770286	-0.00833445	-0.0358534	0.149995	0.162861	0.288503	-0.0452618	-0.0260493	0.235798	-0.0427533	-0.0334156	0.129017	-0.0257881	-0.0143229	-0.0211047	-0.0577631	0.0109154	-0.0146309	0.019869	0.0876491	-0.0758376	-0.0192518	-0.0579287	0.0850179	0.0532907	0.259703	0.00965699	-0.0137179	0.00293928	0.198728	0.000477688	-0.00283962	-0.0163787	0.01881	-0.00640635	-0.0376101	0.0491062	0.119695	-0.034034	-0.0585944	-0.000391731	-0.0356633	0.00549033	-0.0213726	0.0217572	0.109175	-0.021739	-0.00271329	-0.009875	-0.0340836	0.00448181	-0.0139714	0.0466579	-0.0286262	0.124192	0.101683	-0.0113674	-0.0373747	0.0615974	-0.0248438	-0.0191752	-0.0259603	-0.0111795	0.0141005	0.0108356	0.0761636	-0.0147236	0.0112014	0.0340755	-0.0277589	-0.0108495	0.0241077	-0.0347116	0.0418955	-0.0386075	0.0391569	0.00354596	-0.0275517	-0.018107	0.0075061	0.0773236	-0.0193821	0.0028209	-0.00291398	-0.000626941	-0.044631	0.0154455	-0.0228365	0.017222	-0.0125479	-0.0103546	0.0119865	-0.0199151	0.0125647	-0.0152969	-0.0187042	-0.0149289	0.0225232	-0.0481771	0.104856	-0.00277171	-0.0337847	0.111038	-0.0171634	0.0236001	-0.00385677	-0.0155192	0.0573147	-0.0157968	0.0902243	0.0349921	0.0281562	-0.00686706	-0.0207211	-0.0193339	0.0648655	0.00505149	0.0138941	-0.0279418	-0.0215173	0.0157075	-0.0345789	-0.00767007	-0.00817579	-0.0100815	0.0739649	0.0257966	-0.0150498	0.0103673	-0.00695866	0.00932842	2.42555e-05	0.00969108	-0.0330047	0.00112318	0.12337	-0.0314715	-0.0310634	-0.0121219	-0.0140574	-0.0182633	-0.0306378	-0.0299549	0.100085	-0.00936428	0.00289063	0.0469957	0.0653579	-0.00550417	-0.00114677	-0.015562	-0.0201088	0.0697219	0.0116534	0.0836177	-0.0262672	-0.0135102	0.00756942	-0.0228127	-0.0266796	-0.0122712	-0.0141813	-0.0105032	-0.00780305	0.0287461	0.0491926	-0.00358249	-0.0106303	0.0102522	0.0498603	-0.0394307	0.0659226	-0.0263918	-0.0158784	0.0121937	-0.0228001	0.0293232	-0.021703	-0.0145016	-0.0175228	-0.0245281	-0.0178046	0.0258309	-0.00210515	-0.027756	0.0107853	0.0065013	0.0179936	-0.0195372	-0.00746576	0.00468385	0.0232982	0.0163661	0.061831	-0.0118202	-0.00653543	0.00242285	0.000265888
-0.0249679	-0.0197589	-0.019788	-0.0159393	-0.0280517	1	-0.0528951	0.667615	-0.0200497	-0.0900878	-0.016478	-0.0557014	0.59554	-0.119346	0.734852	0.0223283	0.0111016	-0.0170093	-0.0997985	-0.047126	0.0865168	-0.0355057	0.124971	0.0689081	-0.0383893	-0.0407939	-0.0373935	-0.0110431	-0.0377573	-0.0144548	-0.00970446	-0.0163682	0.287505	0.00362231	-0.0466217	-0.00562379	0.498164	-0.0507709	0.141323	-0.0284253	0.0381759	-0.0563546	-0.0714357	0.00575346	-0.0489298	-0.00483333	-0.0619812	-0.0119921	-0.0275504	-0.0116477	-0.0320007	-0.0164739	-0.00628235	-0.01928	-0.0216545	-0.0829562	-0.00535748	-0.0426959	-0.0481496	-0.030193	-0.0337302	-0.0289811	-0.0155391	0.0668376	-0.00615432	-0.0363387	-0.0438381	-0.0562475	-0.0206791	-0.00476546	0.0631162	-0.0192797	-0.0175136	-0.0180883	0.0434939	0.0703734	-0.00800888	-0.00938836	-0.0249235	-0.0157096	-0.0381644	-0.0206726	-0.00526299	-0.02084	0.0118282	0.0120089	-0.0118876	-0.00923096	-0.0272522	-0.016821	-0.0166166	-0.0144609	-0.00869159	-0.00811118	-0.031774	-0.00735964	-0.0136822	-0.01881	-0.00630687	-0.0221124	-0.00817752	-0.0139806	-0.0131573	-0.0306068	-0.0201336	0.0310197	-0.0190421	-0.0206982	0.0424324	-0.0206885	0.0476319	-0.0207414	0.103862	0.00596092	0.0395197	-0.013716	-0.0169448	-0.00307413	-0.0222801	0.0388973	-0.0197613	0.0632681	0.0174396	-0.00971451	-0.00954577	0.0985781	0.00638782	0.00393928	-0.0278309	-0.0014593	0.0621773	-0.00624492	0.052403	-0.023488	0.0840552	-0.0195531	0.059012	-0.0123938	-0.0206497	0.0291042	-0.0118326	-0.0146564	-0.0104278	-0.0107881	0.0656963	0.00644052	0.0874163	-0.0125252	0.0181721	-0.0218971	0.0321281	-0.0211447	0.0285364	-0.0151738	0.055886	0.0867206	0.0352831	0.00487459	0.0583688	-0.00898099	-0.0289434	0.02047	0.120649	-0.0165206	0.00295224	-0.0249828	-0.00118694	0.0205131	0.0312793	-0.0263283	0.00552148	0.00230137	0.00445937	-0.00564817	0.0051077	-0.0209154	-0.000514349	-0.0210493	-0.0289947	-0.0207271	-0.00564689	-0.00186842	-0.0213319	-0.0204402	-0.0247423	0.020378	0.0194971	-0.0111137	-0.0195787	-0.0113452	-0.042666	0.00647581	0.00271148	0.0543077	0.0224908	-0.0437419	0.0191052	-0.0351969	0.0249747	0.0109745	-0.0152565	-0.0144065	0.0408409	-0.0136832	-0.0134847	0.0453411	-0.0074466	-0.0271805	0.0235299	0.0350097	0.0103213	-0.0286309	-0.0157706	-0.000435886	0.0546371	-0.0162627	-0.0161412	-0.0471262	-0.0232182	-0.0075556
-0.0909817	-0.0811008	-0.0614884	-0.0331083	-0.094406	-0.0528951	1	-0.0847509	-0.0512356	-0.298343	-0.066078	0.247447	-0.0411369	-0.17651	-0.0305994	0.445379	0.00650246	-0.0387427	-0.221574	0.132085	0.037336	-0.00355882	0.00526241	0.00424557	0.0205043	-0.0242558	-0.0506727	-0.0392847	-0.0555445	-0.00613927	-0.015266	-0.0265987	0.0372977	-0.00814532	0.0349321	-0.0409935	0.00759901	-0.0607051	0.0151599	-0.0293525	0.137571	-0.00612294	-0.0231571	0.000974281	-0.0566885	-0.0481398	-0.0814724	-0.0423365	-0.0102485	-0.0108397	-0.0295624	-0.0348947	-0.0348744	-0.0120579	-0.0367363	-0.023385	-0.00642716	0.0253712	-0.0453369	-0.0249114	-0.0404538	-0.0236126	-0.0177654	0.0412106	0.00256772	-0.0194282	-0.0401931	-0.0522561	-0.00805558	-0.0251669	0.0385665	-0.0145231	-0.0188841	0.0693893	0.0478443	0.042823	-0.0176182	-0.0298821	-0.0119293	-0.0126519	-0.0462458	0.00579991	-0.026846	0.00414631	0.0456117	0.000234849	0.0243501	0.00296073	-0.0300911	0.0391592	-0.00748547	-0.017324	0.0180596	-0.0127226	-0.00431818	0.0124303	0.00322041	0.0125815	0.00843826	-0.031491	-0.0399454	-0.00436208	-0.000183724	-0.0331303	-0.0101979	0.0336768	0.00761903	0.00720461	0.0230261	-0.0162068	0.0234081	-0.0100887	0.0315469	0.00512899	-0.0161446	0.020897	0.024256	-0.0147373	-0.0406737	0.0251501	0.000809972	0.0133433	-0.00429692	0.00232322	-0.0129004	0.0316791	-0.00683025	-0.0199378	-0.0181367	-0.0269606	0.0270063	-0.0124888	0.00175621	0.0206532	-0.0143497	-0.0418537	0.0323242	-0.0220639	0.0441609	0.0133288	-0.0192405	-0.0168097	-0.0277857	-0.0200397	-0.0232699	0.0117125	0.00319974	-0.0138291	0.0289436	-0.0195946	-0.00510503	-0.0174047	-0.01052	0.00156987	0.00705769	-0.04734	-0.0584642	-0.0155496	-0.018921	-0.0362384	-0.00977489	0.0319181	-0.0281944	-0.0219926	-0.0292427	-0.0234837	-0.00652859	0.0192834	-0.0197217	-0.0404853	0.00930727	-0.013118	-0.0180479	-0.00412591	-0.0146255	-0.00158134	-0.0259608	-0.0178146	0.000558939	-0.0393117	-0.00411768	0.0393522	-0.0327882	-0.0094421	-0.0352143	0.0451427	-0.00829145	-0.0305883	-0.0188059	0.00970995	-0.0023371	-0.00225701	-0.0220531	-0.006447	0.0485847	-0.0394779	-0.0378211	0.00964249	-0.0148966	-0.00828673	-0.00258597	-0.0126229	0.0229321	0.00466424	-0.00384644	0.0302991	-0.0373411	-0.0167864	-0.0036772	0.0246737	-0.026777	0.0238531	-0.0184865	-0.0179258	0.00193197	-0.0212924	-0.0280032	0.00874159	-0.0190918	-0.0285836
-0.0342789	-0.0369471	-0.0330708	-0.0277455	-0.0402645	0.667615	-0.0847509	1	-0.0264459	-0.144742	-0.0323554	-0.093806	0.884034	-0.176318	0.538953	0.251159	0.543051	-0.0251795	-0.138514	-0.0771934	0.135141	0.0456067	0.112695	0.0971458	-0.0428666	0.0337278	0.037124	-0.0145375	-0.0360046	-0.0263483	-0.0269322	0.00442161	0.191525	0.00967172	-0.0554791	0.0120488	0.33355	-0.0372971	0.0864222	-0.035456	0.0228951	0.00664092	-0.0650376	0.00269235	-0.0374445	-0.0123019	0.00146375	0.000448725	-0.00467197	-0.0213403	0.0368695	-0.0363537	-0.00816794	-0.0280473	-0.0326215	-0.022733	-0.00874099	-0.0359953	0.00771734	-0.0401677	-0.0437397	-0.0187636	-0.0169141	0.0221511	-0.00964342	0.0196178	-0.0171791	-0.0243836	-0.0150731	-0.00986707	0.0273597	-0.0078577	0.0254975	-0.0162069	0.0280014	0.0288157	-0.0141059	-0.0266972	0.012666	-0.00710031	-0.0379262	-0.0277543	-0.0185472	0.00451745	0.0052592	0.0125061	0.00264615	-0.00972164	-0.0216109	0.0103132	-0.00874551	0.000476565	-0.00485442	-0.00697369	-0.0495769	0.00905499	-0.00340756	8.78297e-05	-0.00352417	-0.0159393	-0.0115065	-0.0118886	-0.0163126	-0.0466869	-0.028078	0.0078329	0.0111804	0.00317637	0.0307325	0.0441353	0.0330695	-0.0230706	0.0612708	-0.000474675	0.0155673	-0.0116443	0.032258	0.0356812	-0.0243298	0.026966	-0.011236	0.030271	0.0110261	0.00185837	-0.00947429	0.0579105	0.0240253	0.0356146	-0.00239746	0.0364294	0.0347153	-0.00571616	0.0555357	-0.0111346	0.0511312	-0.0109272	0.0616265	0.0235372	0.0176088	0.0406199	0.0645493	-0.024087	0.0300662	-0.0252808	0.0608341	0.00550412	0.0861471	-0.0169737	0.00490327	0.0198131	0.0441932	-0.0222973	0.0526398	0.00756721	0.0448504	0.0604095	0.0410102	-0.00635122	0.0533355	-0.0104997	-0.0331452	0.00585363	0.0857876	-0.0249054	5.64267e-05	-0.0130402	0.023882	0.00592492	0.0412393	-0.0347029	0.0230786	-0.00249531	-0.000639195	-0.0133324	0.0200533	-0.0151212	0.0030785	-0.0235338	0.0034604	-0.0298453	-0.0177478	-0.0104118	-0.0334842	-0.0256946	-0.032528	0.00562247	0.0360452	-0.0183819	-0.0242581	-0.0125115	-0.0254341	-0.00476777	-0.0175533	0.0723507	0.0272276	-0.0440426	0.0132129	-0.0303369	0.00747758	0.0119043	-0.018663	-0.0224222	0.0380486	0.00454232	0.0174747	0.0361533	0.00558785	-0.0291252	0.0265558	0.0283054	0.00140344	-0.0172379	-0.0208358	0.00425809	0.0341331	-0.0300363	-0.0188217	-0.0413523	-0.0169807	-0.00240593
-0.0270477	-0.0244694	-0.0189771	-0.0124376	-0.0285077	-0.0200497	-0.0512356	-0.0264459	1	-0.0891832	0.772984	-0.0721956	-0.0210517	-0.119883	-0.0184058	-0.0345516	-0.0114646	-0.00855576	0.199726	0.153774	-0.0749687	-0.0280099	-0.0627656	-0.0765156	-0.0297218	-0.00694868	0.000483526	0.0239426	-0.0174231	-0.0229242	-0.0190819	-0.0184967	-0.0299153	-0.0332796	-0.0746383	-0.0207999	-0.0132547	-0.0402128	0.137099	-0.0116971	-0.014183	-0.0163074	-0.0473897	0.000179916	-0.0379967	-0.0171527	-0.0316753	0.0205344	0.0023966	-0.00776492	-0.0103062	-0.0286283	-0.0144511	-0.00432553	-0.0202062	-0.0477292	-0.0193137	-0.0224324	-0.0273221	-0.0331073	0.128722	-0.0323954	-0.0257536	-0.0280281	-0.0270148	0.0700905	0.0355761	0.0400893	-0.0165367	-0.0178771	-0.0343463	-0.0178058	0.00269954	-0.0223761	-0.0244773	-0.024402	0.0181342	-0.0201687	0.00321152	-0.0188467	0.0264617	-0.0115787	-0.00892312	-0.0118239	-0.0544088	-0.0257137	0.0110043	-0.0136493	0.0415095	-0.00823255	-0.0245493	-0.0135026	-0.0194951	-0.0237109	0.19891	-0.0387532	-0.0225526	-0.0273893	0.0273709	0.0466807	0.175444	-0.00183329	-0.0238571	-0.0141249	-0.0161669	-0.0125059	-0.0392451	-0.0254282	-0.0491328	-0.0158611	-0.0598086	0.0195161	-0.0221098	-0.0165126	-0.00864493	0.00702658	-0.00435323	0.0147696	0.0997784	-0.0528902	-0.0243266	-0.0190055	-0.0193355	-0.0218439	-0.0153341	-0.0195132	-0.0181696	0.0352401	0.00764197	0.0175324	-0.029561	-0.027669	-0.0105584	-0.0149097	0.00460743	-0.0137567	-0.0157928	-0.00570206	-0.00906815	-0.0397471	0.0225527	-0.00917636	0.0102734	-0.0108606	0.0156166	-0.0100411	0.00796725	-0.0178225	-0.0408978	-0.00133269	-0.0350488	-0.00562405	0.00132795	-0.0135359	-0.035488	-0.00373256	-0.00444496	0.0232333	-0.00146295	-0.010719	-5.35403e-05	-0.0270576	-0.00223322	0.230711	-0.0189514	-0.0306769	-0.0322893	-0.00273886	-0.0228677	-0.0214668	0.0115847	-0.00797764	-0.00688054	-0.0164758	-0.023027	-0.00337664	0.0235249	-0.00537522	0.0879231	0.0953265	-0.0181464	-0.0131904	0.0590202	0.00513587	0.0845928	-0.0122207	-0.0204311	-0.0259303	0.038099	-0.00252657	-0.00924793	0.011132	-0.0141754	-0.024904	-0.0154596	0.058588	0.000478343	0.00445909	-0.0208424	0.0146078	-0.0135056	-0.00980586	-0.0147971	0.0136652	0.00252265	-0.0454079	0.0283881	0.0263319	-0.0110195	-0.0172728	0.0120688	-0.000721186	0.0435288	0.00947658	-0.0116966	-0.0147873	0.0307105	0.0135271	0.00688366	-0.00944386
0.270915	-0.126031	0.214174	-0.0763232	0.293114	-0.0900878	-0.298343	-0.144742	-0.0891832	1	-0.137344	0.240363	-0.124271	-0.186446	-0.0748921	-0.148841	-0.0977367	0.135653	-0.0914084	-0.100679	0.0433891	-0.0222833	0.0390809	0.0453027	-0.0517316	0.0625421	0.0779792	0.12195	0.0469825	-0.0360275	0.0643792	-0.0162043	0.0432471	0.068263	0.0143381	-0.0738791	-0.0578472	-0.00891168	-0.0267779	-0.0552927	-0.00561948	0.0186516	-0.0357151	0.022514	-0.00706645	0.0180576	0.0391488	0.105563	-0.0199699	-0.0269926	0.0195604	0.0904165	-0.0328397	0.00226494	-0.0455687	0.0266082	0.0940375	-0.0393342	0.0405816	0.0532263	-0.0113027	-0.00489769	0.0581223	-0.0587703	0.0436688	0.027717	0.0276127	0.0635522	0.0705729	-0.0549667	0.0111077	-0.0464464	-0.00453565	0.00936936	-0.0233304	-0.0247619	0.0488841	0.0603445	0.00279647	-0.0469725	0.0258596	-0.0750814	0.100978	-0.0358828	-0.00106005	0.108358	0.00739032	0.0293334	0.00697097	-0.00440275	-0.00970466	-0.0464465	-0.00275573	0.0702345	-0.0942588	0.0468203	-0.0442497	-0.000486956	-0.00628147	0.00954464	-0.0238018	0.0154158	0.029591	0.0446554	-0.0601477	-0.0485389	-0.0116044	-0.057949	-0.0492856	-0.0386907	-0.00642585	0.00481808	-0.0465082	0.0683658	0.0546327	-0.00647049	-0.0234167	0.0253865	-0.0361936	-0.0018216	-0.0550258	0.00331653	0.0740717	0.00979329	0.0542419	-0.0541201	0.0119393	-0.00735758	-0.0416269	0.0234257	0.022407	0.0310701	0.0372408	0.0464072	-0.0230981	-0.0685389	0.0106047	0.0364324	-0.0148135	-0.00701789	0.0180771	-0.0442012	-0.00559078	-0.0597182	-0.0108875	-0.000338254	-0.0188452	0.0641401	0.00226717	0.0141186	-0.0428245	-0.036968	-0.0233115	0.0110551	-0.0251649	-0.0649194	-0.0465505	0.0558528	-0.0552511	-0.0569945	-0.0142712	-0.0210484	-0.0319154	-0.0758097	0.0563387	0.0531754	0.0420124	8.4338e-05	0.0278675	0.0626554	-0.0143557	0.0425175	0.0156489	0.00865608	0.0041345	0.023429	0.047058	0.000205437	-0.00090635	-0.00798765	0.00112163	0.000484304	-0.00240695	0.00497413	0.00110849	0.0135517	0.0254252	0.0499122	-0.046881	-0.00266604	-0.00116788	0.0439949	-0.0259318	0.0190574	-0.00478654	-0.019986	0.0271324	0.00542032	0.0409821	-0.0331888	-0.0307702	-0.00768582	-0.0168815	0.0149831	0.0130578	-0.00778025	-0.0179559	-0.00794244	0.0371185	0.0143689	-0.0216806	-0.0136984	-0.00405483	0.0216424	-0.00412234	0.0657326	0.00609984	-0.00442271	0.00803291	-0.0200711
-0.0289245	-0.0351132	-0.0347367	-0.0113671	-0.0321869	-0.016478	-0.066078	-0.0323554	0.772984	-0.137344	1	-0.0913036	-0.0301154	-0.106684	-0.0232274	-0.0442284	-0.00896953	-0.0189255	0.190982	0.131418	-0.0584553	-0.0381857	-0.0298075	-0.0692593	-0.048138	-0.0278147	-0.0224265	0.0185022	-0.0315757	-0.00752701	-0.021819	0.0347388	-0.0384939	-0.0350516	-0.100306	-0.0239267	-0.0196992	0.00315344	0.148423	-0.0203724	-0.0131091	-0.0465682	-0.0166017	-0.00534638	0.0104871	-0.0246369	-0.00629528	0.00747848	-0.0144827	-0.0158245	-0.0280693	-0.0248243	-0.0142326	-0.00528562	-0.0301782	-0.0363533	-0.0320822	-0.0292401	-0.0027248	-0.0287582	0.102107	0.0182799	-0.0096771	-0.0426773	-0.0381637	0.0360963	0.0368381	0.0048167	-0.0167763	-0.0140347	-0.0469226	0.056799	-0.013561	-0.0208137	-0.041216	-0.0377168	-0.022154	-0.0113452	-0.0168372	0.0114938	0.00100415	0.0663159	-0.0203118	0.00426032	-0.0782223	-0.0391982	-0.00589848	-0.0131515	0.021809	-0.0221235	-0.0026659	0.023214	-0.0289699	-0.0245131	0.228206	-0.0302187	0.0098641	-0.00148526	0.0215451	0.0316704	0.131627	-0.0123295	-0.0265266	-0.0143803	0.0449355	-0.00985399	-0.0484521	0.000750469	-0.0325582	-0.0282506	-0.0512254	0.0067952	-0.0162497	-0.0299941	-0.00744053	0.00355936	-0.00207416	0.00666347	0.0890802	-0.0472305	-0.0025287	-0.0185221	-0.034486	-0.0187091	-0.00862506	-0.0159148	-0.0305787	0.0210997	-0.00701727	0.00697647	-0.0401509	-0.0224594	-0.0281073	-0.0244092	-0.0104752	-0.027907	-0.0291279	-0.0088629	-0.00968279	-0.0385754	0.0123412	-0.0186525	0.00955112	-0.025109	0.00221212	-0.0285408	-0.00171829	-0.012686	-0.0266219	-0.0141534	-0.0320623	-0.0196583	-0.00190865	-0.00975754	-0.0378106	-0.0211482	-0.0109056	-0.00163405	-0.0180075	-0.023649	-0.00111686	-0.0202364	-0.0174663	0.253054	-0.0255451	-0.0177035	-0.0292774	0.0287595	-0.0289843	-0.0145236	-0.00285012	-0.0106582	-0.013103	-0.00918843	-0.0281984	-0.014112	0.00123849	-0.00718883	0.127561	0.133463	-0.00975728	-0.0271583	0.0912514	-0.0169331	0.111575	-0.0353231	-0.0205362	-0.00514093	0.0324139	-0.00765036	-0.0230477	-0.00609112	-0.00226133	-0.0252653	-0.0103526	0.0796785	0.00753371	-0.00483224	-0.0287991	0.0377281	-0.00741773	0.00254093	0.00122025	0.00182482	-0.00179751	-0.0482805	0.052077	0.0113753	-0.0283231	-0.0299956	0.00281296	-0.01212	0.030197	0.000107497	-0.00930343	-0.0100084	0.0688612	0.0108457	0.00435994	-0.0204395
0.33769	-0.0879178	-0.0757248	0.187978	0.301553	-0.0557014	0.247447	-0.093806	-0.0721956	0.240363	-0.0913036	1	-0.0976226	-0.48422	-0.0692864	0.37988	-0.0553422	-0.0435289	-0.340009	0.0554297	0.0807086	-0.00857545	0.0378791	0.140334	0.0966041	0.098697	0.116479	0.205897	-0.0755016	0.0154553	0.0934699	0.0243027	0.171193	0.016433	-0.0879581	-0.0636556	-0.0161653	-0.0866761	0.0331528	-0.0440824	0.131702	0.166944	-0.00657418	0.0718342	-0.083656	-0.0394352	-0.000660572	0.176739	0.0480482	-0.00273198	0.00676859	0.0384512	-0.0422913	-0.0276455	-0.0476886	0.0259074	0.191935	0.0614705	0.0136674	0.0144262	-0.164731	-0.0572043	0.0289571	-0.0138368	0.00288043	0.0738526	0.0339012	0.0610863	0.143754	-0.0330338	0.0131264	-0.0705363	0.0209934	0.065057	0.0145204	-0.000592185	0.0596974	0.00398325	-0.010773	-0.0621786	0.00120311	0.0200348	0.194746	-0.0217396	-0.0231265	0.129848	0.0503886	0.00868523	0.0146669	0.0275472	-0.0377677	-0.0677827	-0.0434216	-0.0243209	-0.0748452	0.0668218	-0.0434141	-0.0334281	0.0271898	0.00705748	-0.0388515	0.0152158	0.00855582	0.00938446	-0.00223512	0.00821308	0.0281811	-0.043793	-0.0135052	-0.00747226	0.044553	0.0215254	0.0264393	0.0998714	0.101159	0.0067232	-0.00511555	0.0110136	-0.0479985	0.0453872	-0.0548254	0.053882	0.102523	0.0245934	0.0383095	0.0253557	-0.0141646	-0.0425059	-0.0377923	-0.0247607	0.114631	0.0219202	0.077593	-0.0190513	-0.0209959	-0.0500294	0.0692577	-0.00462519	0.0135244	0.038427	-0.0466979	-0.0276154	-0.0507511	-0.0206887	-0.00893183	-8.57983e-05	-0.0186119	0.0194196	0.0326242	-0.0196391	-0.036987	-0.0261177	-0.069383	-0.0220918	0.00982319	-0.00520838	-0.0495442	0.0775132	-0.0270205	-0.00659281	-0.0272125	0.0226888	-0.00802325	-0.0605083	0.0731291	-0.00999696	0.0524833	-0.000798064	0.0483541	-0.00924441	-0.00643164	0.00595617	-0.0116511	-0.0261166	-0.0064166	0.009667	0.0404058	-0.0488718	0.0520311	0.0214664	-0.0277835	0.0350243	-0.0101266	0.0167543	-0.024997	0.0659125	-0.0329225	0.00787999	-0.031467	-0.0248903	0.00654955	0.0896072	-0.056801	-0.0128561	-5.41833e-05	-0.012752	0.0321618	0.0052562	0.0376353	0.0113598	-0.0438128	-0.0465289	0.0312456	-0.0205157	0.00445478	-0.0205794	0.00519371	0.000647132	0.0140037	0.0306274	-0.0225636	-0.0490785	-0.032893	0.0248043	0.0189642	0.0045926	0.0307719	-0.0218692	-0.0306679	-0.0147756
-0.0309246	-0.0376322	-0.033126	-0.0267041	-0.035607	0.59554	-0.0411369	0.884034	-0.0210517	-0.124271	-0.0301154	-0.0976226	1	-0.194885	0.603909	0.285806	0.677709	-0.0241292	-0.143267	-0.0939548	0.145866	0.0201321	0.135609	0.108924	-0.0380856	0.0132956	0.0159475	-0.0168405	-0.0325976	-0.0188496	-0.0235241	0.00909859	0.201628	0.0452342	-0.0623268	0.0333115	0.357495	-0.0362768	0.108361	-0.0304533	0.0205122	-0.00474272	-0.0610019	0.000458427	-0.0363211	-0.0180312	-0.00987635	0.000598293	-0.000545472	-0.0106556	0.0287294	-0.0385152	-0.0171335	-0.0347772	-0.0333278	-0.0343694	-0.0151895	-0.0319644	-0.00273268	-0.0126985	-0.0513341	-0.0200402	-0.0255634	0.0152333	-0.00801021	0.0223075	-0.0122415	-0.0357678	-0.013569	-0.0167897	0.0254389	-0.0130797	0.0307772	-0.012648	0.0143601	0.0250694	-0.0275267	-0.0294834	0.0143213	-0.00998568	-0.0404887	-0.0260539	-0.010771	-0.00363988	-0.00320762	0.0219989	0.000453229	0.00384376	-0.0269513	0.00440205	-0.00033946	-0.00524269	-0.014344	-0.00919978	-0.0542037	0.0128821	-0.00792009	-1.0917e-05	-0.00878583	-0.0176528	-0.0075452	-0.012077	-0.00589662	-0.0384878	-0.0258945	0.0261216	-0.00583497	-0.00526537	0.0265746	0.0257405	0.0334993	-0.0172013	0.0575056	0.00472949	0.0150389	-0.0180155	0.0219063	0.0233111	-0.0243508	0.0244739	-0.0189368	0.0362657	0.0182412	-0.00677587	-0.0200416	0.0550734	0.0177283	0.0304166	-0.00701553	0.033742	0.0298539	-0.0170252	0.0479109	-0.00566794	0.057954	-0.0151347	0.06529	0.0204069	0.00796079	0.0311997	0.0809707	-0.0242575	0.0306327	-0.0218545	0.0720964	-0.0026385	0.117358	-0.0162123	-0.0117374	0.0229737	0.0472801	-0.0183769	0.0696493	0.0123333	0.0506042	0.0722273	0.046234	-0.00218101	0.0790497	-0.00773444	-0.036155	0.00065642	0.100935	-0.0266998	-0.000171621	0.00362094	0.00832113	0.0106275	0.042487	-0.0333546	0.0183627	-0.00588683	-0.00637023	-0.0168709	0.0250355	-0.0125088	0.0080619	-0.0261832	-0.00793833	-0.0443332	-0.0183113	-0.0069677	-0.0460049	-0.0137408	-0.0358134	0.00609456	0.0364227	-0.0344808	-0.0208427	-0.0224104	-0.0139298	0.00216833	-0.0208979	0.0779275	0.0167313	-0.057726	0.0221875	-0.0180739	0.0141151	0.00289338	-0.0112962	-0.0213582	0.0292067	0.0106528	0.00431068	0.0588287	0.00959559	-0.0285319	0.0299655	0.0254766	0.00983082	-0.0118457	-0.0322263	0.0133857	0.0398653	-0.0298297	-0.0171964	-0.0386813	-0.0220271	-0.00334713
-0.155129	0.19383	-0.145641	-0.0900469	-0.117034	-0.119346	-0.17651	-0.176318	-0.119883	-0.186446	-0.106684	-0.48422	-0.194885	1	-0.117293	-0.348031	-0.15675	-0.11669	0.520292	-0.169305	-0.115395	-0.0519294	-0.0170141	-0.104852	-0.0339026	-0.120985	-0.144525	-0.117874	-0.00202759	-0.0124781	-0.0262601	0.0332395	-0.153391	0.0361545	0.100981	0.0915132	-0.0965583	0.126012	-0.0933808	0.105703	-0.0898873	-0.145592	0.0684882	-0.0169988	0.114414	0.135318	0.0130155	-0.125744	-0.0695505	-0.00588265	-0.0668733	0.026696	0.0441829	0.0863396	0.100201	0.00804845	-0.093616	-0.016599	-0.0120516	0.0624159	0.0794476	0.0794824	0.0252914	0.0441103	0.034435	-0.0976983	-0.0242808	-0.0315283	-0.0716695	0.0452066	0.0227225	0.0432209	-0.0436621	-0.0518201	0.0268394	0.0223666	0.00259077	0.0113656	-0.0230212	0.0381339	0.0473826	0.00137038	-0.0768791	0.0106421	0.061038	-0.10806	-0.0444612	0.00617687	0.0191441	-0.018532	0.0345308	0.0446692	0.0112279	0.025938	0.0107962	-0.0538947	0.0174778	0.025102	-0.025436	0.0159594	-0.00318977	-0.00756349	0.0218773	0.0138929	0.0327626	0.0317997	0.0165388	0.0332449	0.0552989	0.0187703	0.00426591	-0.0504724	0.00911661	-0.059568	-0.0506138	0.035989	-0.0273316	-0.0484001	0.0456233	0.0132054	0.0532805	0.00548593	-0.0784257	-0.00449047	-0.00492933	0.00512212	0.0205754	0.0211115	0.0428105	0.0089302	-0.039614	0.022262	-0.0220168	-0.0434406	-0.00651121	0.0419082	-0.0551058	-0.0088535	-0.0277363	-0.00363037	-0.0531198	0.00998503	-0.00386093	0.0517323	-0.04127	0.0262512	-0.0169073	0.0183774	0.00543102	-0.0312242	0.0281418	0.0632724	0.0184793	0.0400601	0.0143715	-0.00907778	0.0113038	-0.0403679	0.0130707	0.0310345	0.031765	-0.00600175	-0.0217532	-0.0206151	-0.00503146	0.0223467	-0.00909994	-0.0232261	0.00130283	0.0076423	-0.00635974	-0.0449875	-0.0395056	-0.026903	0.0279098	0.012692	-0.0270095	-0.0119496	-0.0429955	-0.0125032	-0.0206221	-0.0160076	-0.0246046	0.0375645	0.014502	-0.0292204	-0.00545401	-0.00216328	0.039771	-0.00658195	0.0503612	-0.0376257	0.0325303	-0.0126094	0.010912	-0.00690903	-0.0266945	0.0111983	-0.0110437	0.00479003	0.0320321	0.0226334	-0.000215706	-0.0119894	0.00977897	-0.0108218	-0.0237303	0.0269711	-0.00603406	-0.013256	-0.0103832	0.00409455	-0.00116745	-0.0220907	-0.0197771	-0.00732055	-0.0152213	0.0126316	0.00597573	0.0244078
-0.0168452	-0.0219589	-0.0214696	-0.020843	-0.0228386	0.734852	-0.0305994	0.538953	-0.0184058	-0.0748921	-0.0232274	-0.0692864	0.603909	-0.117293	1	-0.0494467	-0.0205582	-0.0180535	-0.0978327	-0.10017	0.12715	0.0090766	0.142095	0.109926	-0.0364883	0.00082037	0.00366253	-0.0129014	-0.0322535	-0.0112583	-0.0148224	0.00208977	0.314817	-0.018708	-0.0778943	-0.0105336	0.556182	-0.0368144	0.134261	-0.0215116	-0.0188089	-0.0236384	-0.0605823	0.0282314	-0.0349149	-0.00742845	-0.028985	-0.0136341	0.00665688	0.000186816	-0.00347946	-0.0257575	-0.0142439	-0.0180747	-0.0202054	-0.0550621	-0.010393	-0.0454708	-0.0183525	-0.0360802	-0.0277725	-0.0140401	-0.0061348	0.0712142	-0.00266584	-0.0146307	-0.0284425	-0.044822	-0.0217674	-0.00997237	0.0723287	-0.00579172	0.0314046	-0.00871833	0.0547764	0.0799139	0.00567232	-0.0168604	0.0207974	-0.0104754	-0.029543	-0.0169285	-0.0074783	-0.0136335	0.0159893	0.0269581	-0.00866581	-0.0225838	-0.0187192	-0.00968142	-0.0249062	-0.0149418	-0.00926224	-0.00379707	-0.0251777	-0.00624892	-0.0139695	-0.0278858	-0.0113069	-0.00898209	-0.00943068	-0.00926315	-0.0228347	-0.0270987	-0.0143431	-0.014617	-0.0137019	-0.015614	0.00686232	-0.00818742	0.0257596	-0.0158163	0.045724	0.0193872	0.0331052	-0.0203967	-0.00562159	0.00848286	-0.0266742	0.0166066	-0.0163572	0.0152776	0.0358678	0.00474342	-0.0171653	0.0436497	0.00111595	0.018834	-0.0129502	0.00438361	0.0339949	-0.0160234	0.0295692	-0.00219976	0.110657	-0.0155729	0.0483938	-0.00213578	-0.0249731	0.0152967	0.0324609	-0.0162979	0.00662214	-0.00336477	0.0686544	0.0120643	0.0940824	-0.0176146	-0.0295357	0.0263291	0.0202954	-0.0190664	0.0491984	-0.0140186	0.0272892	0.0908727	0.0500149	-0.000656894	0.0694945	-0.0023773	-0.0205599	-0.0118708	0.121038	-0.00368753	0.000880775	-0.00903979	0.0169441	0.0268875	0.0493436	-0.0330563	0.0148114	-0.00255312	-0.00460371	-0.00517802	0.00469085	-0.0251277	-0.00584194	-0.0183455	-0.00846673	-0.0276117	-0.00460658	-0.00382871	-0.0244996	-0.0140983	-0.0253241	0.0188668	0.00720035	-0.0312753	-0.019973	-0.0122035	-0.0354533	-0.00661781	-0.00431331	0.06388	0.0312025	-0.041067	0.0118915	-0.0235956	0.0154725	0.00838281	-0.00795282	-0.0110243	0.0321054	0.000390988	0.00629058	0.0180423	-0.0137033	-0.024279	0.0235064	0.027439	0.00722396	-0.0190352	-0.0141994	0.00316668	0.0498203	-0.020489	-0.016341	-0.0375767	-0.0193154	-0.00464607
-0.033137	-0.0713752	-0.0495616	-0.0347898	-0.0376351	0.0223283	0.445379	0.251159	-0.0345516	-0.148841	-0.0442284	0.37988	0.285806	-0.348031	-0.0494467	1	0.430903	-0.0363308	-0.237288	0.194354	0.000684685	0.0362359	-0.0230698	-0.0354684	-0.0388935	0.00828809	0.00975196	-0.0394586	-0.0597929	-0.039655	-0.0173007	-0.0323367	0.016807	0.018359	0.0762628	0.000930825	-0.00678085	-0.0823496	-0.0116201	-0.0356053	0.334118	0.00486573	-0.0853057	-0.0246071	-0.0832513	-0.035965	-0.0580498	-0.0327466	0.0319132	-0.0065702	0.0407724	-0.0430357	-0.0101531	-0.0328142	-0.0396297	-0.0494324	-0.00563848	0.018557	-0.0551582	-0.0338092	-0.0814998	-0.0722704	-0.0248587	0.025238	-0.0287963	0.0473966	-0.0167129	-0.0217079	0.0154064	-0.0225208	0.0214571	-0.027315	0.00944344	0.0247625	0.0516824	0.0415242	-0.0074809	-0.0354627	0.00342838	-0.030371	-0.028557	-0.0194334	-0.0283597	-0.0178321	0.0269643	0.0599722	0.0110847	-0.00147943	-0.0033718	0.0113471	-0.0236814	-0.0275348	-0.0129824	-0.0190587	-0.0409333	0.033134	-0.0118822	-0.000206696	0.0120683	-0.0257224	-0.0183499	0.0209817	-0.00523184	-0.0364528	-0.0267718	0.073381	0.0220789	-0.00586474	0.0374003	0.0416056	0.0681607	-0.0334822	0.080484	0.043692	-0.00865246	0.00173811	0.0392574	0.014719	-0.0273926	0.0581263	-0.0234385	0.0444878	0.0544648	0.0196646	-0.0202505	0.0858234	0.00619657	0.000670348	0.00228706	-0.0113986	0.0873231	-0.0240656	0.0619979	0.0855228	0.00439526	-0.0359636	0.0934262	-0.0217379	0.0539203	0.0547028	-0.0019997	-0.00778511	-0.00570272	-0.0373103	0.0091684	0.0189346	0.0252179	-0.0179188	0.0546691	-0.0163801	0.0193015	-0.0120097	-0.0137416	0.00671613	0.0414475	-0.0198231	-0.0348219	-0.0142135	-0.00510947	-0.0256242	-0.0047625	0.0768473	-0.00962683	-0.0261536	-0.0289971	-0.00981238	0.0202737	0.00105727	0.019867	-0.0303086	0.00100664	0.00876971	-0.0170024	-0.0285434	0.0423407	-0.00709611	-0.0113413	-0.0361498	0.00977091	-0.0429997	-0.0306083	0.0688321	-0.0592427	-0.0219166	-0.0525139	0.0572603	0.0720969	-0.0189126	-0.0357831	-0.0234772	-0.00169395	-0.00472318	-0.0454183	0.0397177	0.00416533	-0.0555872	0.00932196	-0.0104436	0.0207213	0.0122011	-0.0264676	-0.0325951	0.0327001	-0.00438427	-0.0321107	0.0432039	-0.0103626	-0.00853129	0.016746	0.0447539	-0.023703	-0.0194876	-0.0239578	0.00918801	0.0308615	-0.0322296	-0.0115597	-0.0270346	-0.0107538	-0.0207831
-0.0290575	-0.0290126	-0.025374	-0.0148949	-0.0327216	0.0111016	0.00650246	0.543051	-0.0114646	-0.0977367	-0.00896953	-0.0553422	0.677709	-0.15675	-0.0205582	0.430903	1	-0.0179032	-0.107237	-0.0552147	0.10383	0.0514386	0.0679467	0.069793	-0.0203007	0.036367	0.0348062	-0.0240486	-0.0143772	-0.0155575	-0.0218111	0.0233469	-0.00863897	0.0926163	-0.0384896	0.0588984	-0.012841	-0.0102619	0.0364107	-0.0176527	-0.00764375	0.0302684	-0.0230815	0.00196954	-0.0114499	-0.0202313	0.0262548	-0.000161693	-0.0153507	-0.00828658	0.0617214	-0.0334744	4.35723e-05	-0.0204803	-0.0235351	0.0187515	-0.0109117	-0.00425711	0.0213713	0.00818394	-0.0394132	-0.0129833	-0.0216863	-0.0326617	-0.0218728	0.0427163	0.00817489	-0.00262968	-0.00465653	-0.00398409	-0.0320825	1.69644e-05	0.0086393	-0.00196748	-0.0151859	-0.0270219	-0.0409287	-0.0289963	0.00126045	-0.00276387	-0.0322988	-0.0127044	-0.0026679	0.00667917	-0.0139503	0.0229032	0.00692958	0.0328273	-0.0283056	0.0214086	0.026131	0.00558587	-0.0119768	-0.0205438	-0.0369168	0.0430916	0.00225572	0.0347742	-0.00467263	-0.0305297	-0.0100798	-0.0117198	0.0212098	-0.011464	-0.0150252	0.00852725	0.0235666	0.0131436	0.0159667	0.0474459	0.0239819	-0.00703089	-0.0118189	0.00910219	-0.0156385	-0.00584413	0.0561702	0.0331227	-0.0181356	0.0161956	-0.00268469	0.00578066	0.0136194	0.0089779	0.0059983	-0.012694	0.0178665	0.0128377	0.0182486	0.0331229	-0.0132878	-0.000358261	0.0122188	0.0101024	-0.0187874	-0.00203434	0.0193643	0.0313589	0.0458207	0.0192184	0.0682629	-0.0163499	0.0320389	-0.0236988	0.0235493	-0.000217842	0.0617023	-0.0101847	-0.0134711	0.0095992	0.0282288	-0.00508772	0.0426188	0.0210856	0.0231703	0.014855	0.016852	-0.0118308	0.0413647	0.000787139	-0.0239957	-0.0185654	0.0156759	-0.0216458	-0.00808734	0.0289888	0.0250881	-0.0107882	0.0130686	-0.0119542	0.0132331	-0.0154083	-0.0109243	-0.017014	0.0291078	-0.000504125	0.0150045	-0.0164798	0.00418662	-0.0296481	-0.0156484	-0.0128964	-0.036638	-0.00300376	-0.0245663	-0.0135548	0.0320786	0.00227017	-0.0200851	-0.019323	0.0288342	-0.00260576	-0.0259931	0.0345013	-0.00172275	-0.0321604	0.00882407	0.00824319	0.000119806	0.00951402	-0.0141335	-0.0243994	0.0174217	0.0137461	0.000266339	0.0281472	0.0143061	-0.0119595	0.0138955	0.0069803	-0.0019528	-0.0111251	-0.0313704	0.0155673	-0.00220729	-0.0157277	-0.0134878	-0.0118983	-0.012792	0.00155239
