1	-0.0303388	-0.0472794	-0.0187754	-0.0396592	-0.215098	-0.0527451	-0.211613	-0.0391397	-0.0675567	0.64473	-0.0350733	-0.0194915	-0.0550178	-0.0355822	-0.118755	-0.0442374	-0.0445184	-0.099142	-0.0400777	-0.0409945	-0.0386619	-0.0527826	-0.062606	-0.0264748	-0.113658	-0.0765112	-0.0322822	-0.0256544	-0.112532	-0.0570883	-0.0190777	-0.141964	-0.106441	-0.0678528	-0.0489306	-0.0554945	-0.026903	-0.0303696	0.739563	-0.0552327	-0.0302909	-0.0593077	-0.0466678	0.00623637	-0.0462511	-0.0509774	-0.0228097	-0.1785	-0.192323	0.000734591	-0.0298477	0.242692	-0.0589912	-0.0771202	-0.0502677	-0.0351251	-0.102971	0.441507	-0.0394265	-0.114029	-0.030881	0.355957	-0.115281	-0.0210147	-0.0320354	-0.0521373	0.0217816	-0.0537041	-0.193886	-0.0612983	-0.0686342	-0.0205983	0.25255	-0.173571	-0.0299216	-0.178336	-0.130045	0.190833	0.230259	-0.0360525	0.371143	-0.0435562	-0.0470804	-0.160209	0.27011	-0.0983926	-0.044842	-0.0237636	-0.0580936	-0.0281009	-0.0731368	-0.0298037	0.328974	-0.0216683	-0.0875184	-0.0879123	-0.155901	-0.0102398	-0.0512303	0.255127	-0.0580533	-0.0424548	-0.0467804	-0.0342005	0.160943	0.0234297	-0.0559913	0.319426	-0.0836949	0.51675	0.427865	-0.0522569	-0.0246722	-0.0594377	-0.0433005	0.275891	0.068289	0.254382	-0.0258484	-0.0519181	-0.0218998	-0.108716	-0.0371282	-0.0247414	0.278231	0.0847586	-0.0175875	-0.0212231	-0.014229	0.0501076	-0.0010822	-0.0217567	-0.079053	-0.0198388	0.00210931	0.0641108	-0.0167017	0.064603	-0.0537118	0.0288646	-0.0462844	-0.0460733	-0.0879303	0.00379771	-0.0827529	-0.141542	-0.0464298	-0.0998966	0.296416	0.026115	0.136736	-0.0307423	-0.075009	-0.0643371	-0.0785427	0.109518	-0.168654	-0.0189448	-0.0801061	0.169382	-0.0278058	0.00342221	0.170985	0.00346061	-0.0666312	-0.0108285	0.0120719	-0.0424473	0.0926837	-0.00537331	0.0171153	-0.0211888	0.0319209	-0.0222377	-0.0207446	0.0241363	0.109142	-0.0144408	0.0229093	-0.00801315	-0.0117628	-0.0161135	-0.025351	0.0631999	-0.0399479	-0.0240413	-0.0309568	-0.0253777	0.00623867	-0.0225622	0.0662699	0.0430032	-0.0237898	0.0114003	-0.0204471	0.0411283	-0.02336	-0.0357183	-0.0158853	-0.0195994	-0.000535012	-0.0278119	-0.0356179	-0.0225827	-0.0258129	-0.00846261	0.0122832	-0.0023977	0.0302925	-0.0544186	0.0171779	-0.0485916	0.0212618
-0.0303388	1	-0.0238131	-0.0262756	-0.0101678	-0.09167	-0.0188681	-0.0778833	-0.0265887	-0.0409537	-0.0529494	-0.000331787	-0.015013	-0.0329294	-0.0185047	-0.0435392	-0.0167904	-0.014182	-0.0424149	-0.019949	-0.0240175	0.000375536	0.640085	-0.0144978	-0.00899928	-0.0524974	-0.0287048	-0.00896732	-0.00964575	-0.0555446	-0.0355626	-0.000535712	-0.0544843	-0.0778823	-0.0261452	-0.018413	-0.0191644	-0.0104227	-0.0223039	-0.0413802	-0.0258149	-0.00651	-0.0250086	-0.0125308	-0.0179766	-0.0267178	-0.0160404	-0.00389847	0.144823	-0.102978	-0.0119462	-0.0422532	-0.108508	-0.0360476	-0.024923	0.37562	-0.0120182	0.232805	-0.0521779	-0.0204384	-0.0400483	-0.0253676	-0.0189856	-0.0425176	-0.010208	-0.0160467	-0.0316769	-0.00904093	-0.016016	0.0533428	-0.0247294	-0.0220394	0.542395	-0.0764085	-0.0207859	-0.0159134	-0.0267922	0.126351	0.0655965	-0.111581	-0.0208425	-0.0543392	-0.0574773	0.122813	-0.00688758	-0.0898153	0.0185564	-0.0147468	-0.00077339	-0.0314162	0.441514	-0.0445686	-0.0149347	-0.0177151	-0.00828796	-0.0519051	-0.034394	0.108306	-0.0149714	0.343918	-0.0680986	-0.0311434	-0.0126154	-0.0344562	-0.0236028	-0.0922414	-0.00634384	-0.0251361	-0.0527659	0.165265	-0.0379717	-0.0336419	-0.014227	-0.0174094	-0.0240505	-0.0259062	-0.00621694	-0.0383612	-0.0165295	0.00390678	-0.0274173	-0.0215814	-0.0509018	-0.0152198	-0.0164591	-0.0450079	-0.0373315	-0.0164465	-0.0633788	-0.0217529	-0.00200831	0.232103	-0.00725427	-0.0513615	0.0722865	-0.0282923	-0.00699294	-0.0244505	-0.0291945	-0.0579821	-0.0251697	-0.0413323	-0.01417	0.144354	-0.0116142	-0.0400747	0.0904688	0.026001	-0.0138244	-0.0457704	-0.0329372	-0.0674044	0.439215	0.134692	0.139669	-0.0577249	0.0540084	-0.0796576	0.155243	-0.0391905	-0.0529994	-0.0275073	-0.0265718	-0.0351701	0.000179885	-0.0438676	-0.0256547	-0.0314915	-0.0174813	0.0845212	0.00208325	0.315847	-0.00309297	-0.0189265	-0.0241713	-0.0236658	-0.0252904	-0.0370644	0.00173488	-0.0228914	-0.0234207	-0.0166723	-0.00501936	-0.0136982	0.0010137	0.00414249	0.0451013	-0.0207986	-0.0382966	-0.0193172	-0.0169178	-0.00771392	-0.0173852	-0.0331279	-0.00632083	-0.0185353	-0.0101382	-0.047946	0.0278401	-0.0195914	-0.0369964	-0.0212288	-0.0102047	0.0172226	0.000118149	0.0426078	0.00506666	-0.0241326	-0.00260059	-0.034347	-0.00479188	0.0320722	-0.0213647	0.000816504
-0.0472794	-0.0238131	1	0.663761	-0.0331237	-0.174081	-0.0396909	-0.170216	-0.0376143	0.544302	-0.0884868	-0.0188343	0.518849	-0.0273133	-0.0227034	-0.104855	-0.0311688	-0.0237742	-0.0812847	-0.0287836	-0.0496473	-0.0431281	-0.037014	-0.0482421	-0.0279637	0.491665	-0.0456618	-0.0256279	0.449703	-0.0694427	-0.0421325	-0.0392985	-0.103826	0.193062	-0.0101359	-0.0409278	-0.042792	-0.00840773	-0.0190948	-0.0616582	-0.0291338	-0.0274151	-0.0245413	0.239105	-0.017855	-0.0422082	-0.0359572	-0.0317815	-0.143089	0.208831	-0.0454815	-0.060018	0.185277	-0.0600352	-0.0631569	-0.0492515	-0.0327934	-0.0865751	0.037014	-0.0410877	0.0755526	0.711683	-0.025415	0.0573492	-0.0156776	-0.0275871	0.549886	0.00998969	-0.0451008	0.192087	-0.0414548	-0.0341396	-0.0262734	-0.0275747	-0.140493	-0.0349866	-0.154771	0.0197613	-0.053709	0.0110003	-0.0118557	-0.0859459	0.168057	0.154318	-0.0736206	0.142483	-0.0896012	-0.0285316	0.39241	0.311925	0.241493	-0.0771477	-0.0213655	-0.0140643	-0.0377727	-0.0712475	0.241267	-0.100016	-0.016328	-0.0506563	0.141257	0.338589	-0.0278969	0.396901	-0.0476591	0.0697972	-0.026965	-0.0131861	-0.0855131	-0.105382	-0.0562382	-0.0447253	0.0181085	0.305381	0.0576216	-0.028772	-0.0102908	-0.0187561	-0.0275521	-0.0170522	-0.0368882	0.11477	-0.0868184	-0.0457606	0.273893	0.122519	-0.067552	0.0954958	-0.122141	-0.0401912	-0.030568	-0.0422482	-0.023663	-0.091048	-0.0569392	-0.0414444	0.0209482	0.503913	-0.0654943	-0.0852087	-0.0431563	0.188228	-0.0300361	-0.108163	-0.0499632	-0.0696787	-0.16465	-0.0653665	-0.102088	0.0521105	-0.0320183	0.202229	-0.0203812	-0.0854661	-0.0807464	0.0229016	0.134417	-0.0357704	-0.10203	0.0314136	0.132231	-0.0407363	0.0107646	0.0572582	-0.0228635	0.0316836	-0.051206	-0.0445454	-0.0389999	0.0840655	-0.0417062	0.0136525	-0.0233025	-0.022219	-0.0167558	-0.0375752	-0.0445819	-0.0249192	-0.00625718	-0.0387064	-0.0213299	-0.00873422	-0.0169937	-0.00994388	-0.0281629	-0.0242425	0.0870478	-0.0477952	-0.0734684	0.197791	-0.0182191	0.0129879	-0.0213545	-0.0554255	-0.0275134	-0.0108202	-0.0136627	-0.0624325	-0.0163898	-0.0763654	-0.00259172	-0.0407172	-0.0197345	0.0682214	-0.0206784	-0.0304443	-0.019316	-0.0103863	-0.0367816	-0.0104011	0.00827525	-0.0765232	-0.0302045	0.0306355
-0.0187754	-0.0262756	0.663761	1	-0.0152838	-0.110915	-0.0271498	-0.114852	-0.0274337	0.515012	-0.0521377	-0.0108648	0.855229	-0.0313853	-0.0278692	-0.0663453	-0.0329442	-0.0182561	-0.0498273	-0.0196032	-0.0338311	-0.0264152	-0.0377794	-0.0320056	-0.0262665	0.326542	-0.0268838	-0.0150974	-0.018704	-0.0595894	-0.0189859	-0.0261686	-0.0531181	0.204752	0.00983574	-0.0223728	-0.0267924	-0.00492159	-0.0103223	-0.0313112	-0.0234527	-0.0186931	-0.0236875	-0.0279747	0.00312281	-0.0251159	-0.0264074	-0.0215708	-0.0991732	0.136475	-0.0236407	-0.040335	0.123814	-0.0410873	-0.0334981	-0.0381472	-0.0227324	-0.0617383	-0.0619318	-0.0270903	-0.0368967	0.695122	-0.00768463	-0.0406368	-0.00573733	-0.0116619	0.539842	-0.0184532	-0.0355148	0.128279	-0.0308661	-0.00709444	-0.030047	-0.0776305	-0.0978798	-0.0117369	-0.106753	-0.0642172	-0.111811	0.111103	-0.0127102	-0.069793	0.267503	0.249041	-0.0911558	0.143042	-0.0549298	-0.0127465	-0.0121839	0.447182	-0.0287317	-0.0501342	-0.0280943	-0.00733445	-0.0162352	-0.0554941	0.259178	-0.100296	0.00141559	-0.0371136	0.201827	0.477253	-0.0279037	0.457886	-0.0364628	0.137129	-0.0319026	0.00431913	-0.0569189	-0.0678054	-0.0328414	-0.0304856	0.0325379	0.425909	-0.04437	-0.023519	0.000137782	-0.0446877	-0.0103204	-0.0193997	-0.0236101	-0.0230117	-0.0709946	-0.0230935	-0.00797843	-0.0465719	-0.0470767	-0.0041404	-0.0848273	-0.0236428	-0.0146153	-0.0279097	-0.016032	-0.0596177	-0.0330559	-0.0262771	-0.0143273	0.687485	-0.0484046	-0.0820351	-0.0243311	0.183493	-0.0308208	-0.0669643	-0.0412265	-0.0505902	-0.106699	-0.0409987	-0.0694497	-0.018286	-0.051787	0.155368	-0.0226395	-0.0535374	-0.0448296	-0.058879	0.130125	-0.0806727	-0.0756164	-0.0443566	0.15973	-0.0301726	-0.0343909	0.106471	-0.011262	-0.0395452	-0.0435716	-0.0332245	-0.0284104	0.10516	-0.0346251	-0.0212213	-0.00991649	-0.00170808	-0.0481955	-0.0262257	-0.0438631	-0.0190081	-0.00383597	-0.0353069	-0.0126222	-0.0497055	-0.0131302	0.0127351	-0.0240573	-0.0162889	0.114374	-0.0292392	-0.0920947	0.335939	-0.00268074	0.0277652	0.000402049	-0.0582729	-0.0198222	-0.0474294	-0.0510832	-0.0852246	-0.0089919	-0.0532038	-0.0495442	-0.0230824	-0.0149066	0.0584446	-0.0259711	-0.0218268	-0.044955	-0.0268205	-0.0331918	-0.061567	0.00900395	-0.0566303	-0.00921172	-0.0282659
-0.0396592	-0.0101678	-0.0331237	-0.0152838	1	0.168761	-0.0427243	-0.0991437	-0.013013	-0.0389538	-0.0506161	-0.0167767	-0.0101882	-0.0315093	-0.0252343	-0.0628975	-0.0151864	-0.0216976	-0.060155	-0.0208615	-0.0342609	-0.0147168	-0.0180708	-0.0248497	-0.0237559	-0.0635833	0.535417	-0.019931	-0.0278581	-0.057672	-0.0128419	-0.00770066	-0.0683495	-0.0785245	-0.0344404	-0.0161221	-0.0360816	-0.0229999	0.000349722	-0.0331642	-0.0275868	-0.0145707	-0.0327071	-0.0166511	-0.0158802	-0.029919	-0.0146692	-0.0193777	0.164977	-0.117804	0.541025	-0.0418332	-0.120427	-0.0421737	-0.033836	-0.0273479	-0.00289978	-0.0624215	-0.0624342	-0.00563799	-0.0487443	-0.0213567	-0.0137593	-0.0556574	-0.0173298	-0.0161753	-0.0285463	-0.0247281	-0.0323839	-0.12616	-0.0347646	-0.0395383	-0.0291448	-0.0906175	0.154752	-0.0106374	0.141152	-0.0737527	-0.12323	-0.11507	-0.026558	-0.0719833	-0.0495267	-0.0563116	0.160783	-0.100054	-0.0465261	-0.0144948	-0.0203657	-0.0294294	-0.0366487	-0.0335677	-0.0158888	-0.0176351	-0.0147354	-0.046093	-0.0490631	0.121306	-0.0175917	-0.0274194	-0.0657819	-0.0236486	-0.0013962	-0.0192771	-0.0205283	-0.0880989	-0.0328942	-0.0398654	-0.0516774	0.193049	-0.0377221	-0.0247723	-0.0240372	-0.0023853	-0.0311171	-0.0326565	-0.0118687	-0.044563	-0.0248988	-0.0167877	-0.0206865	0.0355433	-0.0553193	-0.0259966	-0.0125295	-0.0367574	-0.0423526	-0.013039	-0.0773224	-0.00845317	0.719769	0.417096	-0.0192952	-0.0518686	-0.0198749	-0.0211647	-0.0223487	-0.017767	-0.0452961	-0.0632384	-0.012302	-0.0624892	-0.0260333	0.165614	-0.0331871	-0.0333285	0.109946	-0.0429187	-0.056393	-0.0438274	-0.0369472	-0.0856118	-0.026084	0.201973	0.214654	-0.0417505	-0.092735	-0.0989771	-0.0593247	-0.0391307	0.160851	-0.00291179	-0.0168857	0.110588	0.591658	-0.0326248	-0.0340554	-0.0343369	-0.0237884	-0.0604383	-0.0293914	-0.0151271	0.000855543	-0.0170041	-0.0294884	-0.0202817	0.0774009	-0.0197277	-0.014908	-0.0146884	-0.0200569	-0.0275055	-0.0112562	0.0587297	0.0532586	-0.0137629	-0.0129593	-0.0202077	-0.0590058	-0.0269812	-0.00646613	-0.0347657	-0.0146474	-0.0246025	0.00529151	-0.0206193	0.0567599	-0.0402623	-0.0244884	-0.0394932	-0.0117127	0.151601	0.0049562	-0.0379729	-0.0167262	-0.00805839	-0.0178924	0.114671	-0.0176297	0.0441451	-0.0322857	0.00137227	-0.0143964	-0.0143334
-0.215098	-0.09167	-0.174081	-0.110915	0.168761	1	0.243072	-0.599015	0.194326	0.100331	-0.320718	-0.0874042	-0.0839774	0.263295	-0.099401	-0.350946	-0.0750345	-0.113947	0.452615	0.186153	-0.130008	-0.115813	-0.121158	0.268099	-0.0782007	0.270908	0.311689	0.134475	-0.047404	0.0612291	-0.0839717	0.175199	-0.165102	-0.0576273	-0.203981	0.181403	-0.110659	0.141414	-0.0717151	-0.205123	0.213797	0.189582	0.203156	-0.136426	-0.0745344	0.264281	0.163071	-0.017393	0.40087	-0.253816	0.227389	-0.158423	-0.20293	-0.162137	0.239891	0.126342	-0.0924614	0.111034	-0.183762	0.131355	-0.2126	-0.126999	-0.0848453	-0.246138	0.0289895	0.157725	-0.0525823	0.11212	-0.128721	-0.26411	0.254945	-0.226893	0.00204578	-0.335306	0.501082	-0.124134	0.502136	-0.314543	-0.330483	-0.25857	0.0480956	-0.0680503	-0.135538	-0.137993	0.40802	-0.170474	0.108958	-0.110433	-0.0580505	-0.0886595	-0.0536853	-0.0882322	-0.0721321	-0.0668413	0.0144802	0.0611261	0.168137	-0.0850613	-0.0732191	-0.113988	-0.149018	-0.0184206	-0.0655568	-0.0861312	-0.0855388	-0.0650591	0.0788063	-0.197126	-0.109175	0.129478	-0.142887	-0.147938	-0.123322	-0.0459338	0.230186	0.180806	-0.0646685	-0.0649733	-0.0422994	-0.0624565	0.187427	-0.0571121	0.143919	0.0534298	0.00360187	-0.0564984	-0.0259362	-0.0886928	-0.0108459	0.106859	0.107236	-0.00903065	-0.0731759	0.0262354	-0.104244	-0.0515969	0.0473387	-0.0851716	-0.0415483	-0.00513104	-0.0614384	-0.115442	0.156912	0.175319	-0.0307168	0.0699374	0.180197	0.00395627	0.0586476	-0.082746	-0.0222821	-0.14548	-0.00808128	0.142581	0.167053	0.0861661	-0.204266	0.0753784	-0.0059063	0.124858	-0.0554997	-0.0646525	-0.031404	-0.00372617	0.0719363	0.150299	0.0723231	-0.0433103	0.161877	0.0437576	0.0150341	-0.0387964	0.0510914	-0.0476336	0.00612883	-0.0349257	0.0925974	-0.0420691	0.066567	-0.0435515	-0.0384783	-0.0230812	0.109259	-0.0467344	0.0372304	-0.0448815	-0.0237179	-0.0670697	0.00478393	-0.0477483	0.0671866	-0.0565353	-0.0314471	-0.0307668	-0.0306582	0.0228823	0.0106442	-0.0230508	0.0677084	-0.0368299	0.00684232	0.0301715	-0.0491343	0.00769089	0.015568	0.0516504	-0.0123365	0.0353566	0.0132442	-0.0468481	0.0581522	0.053424	0.00266285	0.023351
-0.0527451	-0.0188681	-0.0396909	-0.0271498	-0.0427243	0.243072	1	-0.159932	-0.0311697	-0.0561218	-0.0905651	-0.0129828	-0.0231997	-0.0412839	-0.0239211	-0.0928202	-0.0135472	-0.037669	0.580021	-0.0180637	-0.0317778	-0.0247889	-0.0276739	-0.0295051	-0.0184128	-0.0837463	-0.0657277	-0.018262	-0.0136368	-0.080434	-0.0286271	-0.0327614	-0.106567	-0.111845	-0.0488769	-0.026054	-0.0408312	-0.0350431	-0.00371129	-0.0379748	-0.0342899	-0.038869	-0.043961	-0.040387	-0.0283853	-0.0459025	-0.0274417	-0.0226276	0.236609	-0.170503	-0.0572989	-0.0535106	-0.141771	-0.03511	-0.0678494	-0.0273638	-0.0375289	0.382697	-0.0615021	-0.0257787	-0.0868266	-0.0440361	0.00483854	-0.10055	-0.025357	-0.0314284	-0.0521476	0.503168	-0.0295274	-0.176512	-0.0430207	-0.0615997	-0.01205	-0.129195	0.180227	-0.0516571	0.157764	-0.0683962	0.188519	0.115449	-0.0220915	0.306744	-0.0746421	-0.0736349	-0.116112	0.195311	-0.0545804	-0.0329717	-0.0142895	-0.0528038	-0.0127364	-0.0623708	-0.0222867	0.024644	0.157585	-0.0706819	-0.0820102	-0.0753995	-0.0314192	-0.0293362	0.0174039	-0.0489796	-0.0221305	-0.0481941	-0.0178975	-0.0479749	0.469089	-0.0534839	0.0330695	-0.0721674	-0.0241042	-0.0359431	-0.0318181	-0.0462672	-0.0576145	-0.028397	-0.0194586	0.039806	-0.0208812	-0.0119865	-0.0250854	-0.0259297	-0.0658836	-0.04054	-0.0258843	-0.0531632	0.0570396	-0.0263498	-0.0169371	-0.0190389	-0.0412516	-0.0537244	-0.0179087	-0.0701622	-0.011047	-0.0190618	0.306661	-0.0241327	0.0580173	-0.0115453	-0.0371405	0.144442	-0.024368	-0.0782406	0.0328601	-0.0545366	-0.129946	-0.0399492	-0.0739248	-0.0535809	0.058583	0.0923359	-0.0074066	-0.0962405	-0.0938698	-0.0309961	0.0837513	0.0775716	0.00596594	-0.0230455	-0.106038	-0.0209535	-0.0277447	-0.0554884	-0.031387	-0.0458012	-0.0379955	-0.0210569	-0.0470516	-0.0509978	-0.0201222	-0.00267361	0.00744597	-0.00272061	0.0494	0.00372738	-0.0091018	0.031347	-0.0196954	-0.0105459	-0.0183024	0.0653187	-0.0195385	-0.0253898	-0.031879	-0.034997	-0.0620368	-0.0417674	0.100005	-0.0261942	-0.0316027	-0.0154112	-0.00518382	0.0530373	-0.00820834	0.056055	0.00862452	0.0860993	-0.0226757	-0.0382999	0.134583	-0.0539117	-0.0295917	0.0709362	0.00668564	0.000168794	0.0569883	-0.0486465	-0.0194543	-0.0593852	-0.0159118	0.0428004	-0.047041	0.11322
-0.211613	-0.0778833	-0.170216	-0.114852	-0.0991437	-0.599015	-0.159932	1	-0.103375	-0.211411	-0.3317	0.147318	-0.0805547	-0.155204	0.154275	0.590631	-0.108462	0.190025	-0.277838	-0.106742	0.225032	0.201455	-0.13566	-0.158742	0.140228	-0.29976	-0.180069	-0.0805732	-0.100483	0.132227	0.195642	-0.107991	0.415506	0.181155	0.327199	-0.102844	0.215339	-0.0947713	0.121348	-0.207495	-0.117979	-0.122891	-0.107092	-0.0815238	-0.064141	-0.151042	-0.100877	0.0667845	-0.179637	0.356119	-0.164468	0.285897	-0.0191699	0.284426	-0.0808668	-0.136087	-0.0912118	-0.0450072	-0.255115	-0.0669129	0.18113	-0.113989	-0.0975726	0.245847	0.0224693	-0.095036	-0.0977465	-0.110708	-0.0607157	0.342556	-0.163537	0.357081	-0.0917153	0.0329828	-0.237837	0.032333	-0.220879	0.347342	0.0851768	0.00625558	0.00161343	-0.266572	0.142697	0.114753	-0.170669	-0.133533	0.00956747	0.187342	-0.0838731	-0.0224867	-0.105488	0.156105	0.117739	-0.0606424	0.00195854	0.0694474	-0.154123	0.267468	0.112938	0.106754	-0.163711	-0.0451421	-0.0455744	-0.00214165	0.169261	-0.133901	-0.0675271	0.277826	-0.217938	-0.0186514	-0.150052	-0.113515	0.177259	-0.0356644	-0.163161	-0.119151	-0.0586558	-0.117954	-0.0731673	0.111693	-0.0924769	0.0427233	0.0168468	0.0376821	-0.0743341	-0.177326	-0.16938	0.0860804	0.0398987	-0.0543803	-0.0885686	-0.0234064	0.11623	0.122849	0.158385	0.10709	-0.0717435	-0.0839963	-0.0964473	0.0297064	0.0892163	0.0894802	-0.0828594	-0.0425075	-0.0517921	0.055556	0.0503813	0.090416	0.109329	-0.175565	-0.107572	-0.0221765	-0.0277147	-0.0395987	-0.0799141	0.0217357	-0.000670752	0.115789	-0.00182715	-0.0450068	-0.140274	0.146673	0.0540192	-0.141238	-0.0491027	-0.0509229	-0.0062784	0.101174	-0.0890097	-0.127446	0.00703213	-0.025572	-0.0200665	0.0580357	0.00503564	-0.0601158	-0.0996125	-0.0788958	-0.0495427	0.0479967	0.0869394	0.011391	-0.0632723	0.0989331	-0.0686897	0.0529467	-0.0125823	0.143299	0.0451564	-0.0144001	-0.0193912	0.0635124	0.028206	0.106451	-0.0552405	-0.0331714	-0.0484491	0.0806576	-0.0440112	0.106885	0.00102669	0.013493	0.0373307	-0.0473566	0.0224286	-0.0542574	-0.0380209	-0.0279961	0.0222638	0.033842	0.00520564	-0.0104845	0.0464587	-0.0377902
-0.0391397	-0.0265887	-0.0376143	-0.0274337	-0.013013	0.194326	-0.0311697	-0.103375	1	-0.041745	-0.065989	-0.00518807	-0.0239192	-0.028396	-0.0126598	-0.0626932	-0.0188473	-0.0210001	-0.0463616	-0.0124087	-0.0254326	-0.0221616	-0.0318506	-0.0311173	-0.0114949	-0.0689367	-0.041607	-0.011559	-0.0192174	-0.0590646	-0.0194761	-0.0232784	-0.0726353	0.0731674	-0.0376679	-0.0230827	-0.0149138	-0.0132654	-0.0106834	-0.0373961	-0.0301562	-0.0188826	-0.037591	-0.0341917	-0.0186503	0.129075	-0.0112377	-0.0255479	0.0398028	0.00409421	-0.0100755	-0.0394104	0.00963241	-0.0267134	0.0674276	-0.0387486	-0.0232229	-0.0169041	-0.0588124	-0.0158229	-0.0606805	-0.024762	-0.0166882	-0.071573	-0.0167306	-0.0228674	0.254535	-0.0187154	-0.0325523	-0.00984246	-0.0362911	-0.0461444	-0.0279043	-0.0998918	0.0365752	-0.0352789	0.0292489	-0.0827969	-0.12624	-0.00870926	0.404579	-0.0686931	0.105005	0.0928056	0.0469787	0.0177321	0.00392652	0.00643816	-0.0195344	0.197451	-0.0292787	-0.0504198	-0.00702796	-0.0141788	-0.0142229	-0.0593874	0.181704	-0.0356934	-0.0269945	-0.0403081	0.0334775	0.191455	-0.00905468	0.181882	-0.0274673	0.00179097	-0.0144504	-0.0348205	-0.0679784	0.00402587	-0.0423351	-0.0294298	-0.0177106	0.192344	0.0780698	-0.0281209	-0.0094688	-0.055306	-0.00904214	-0.0122556	0.0024649	-0.0260061	-0.0717534	-0.00652958	0.0270356	-0.029972	-0.0474482	-0.0226783	-0.0805598	-0.0182021	0.00300975	-0.02289	-0.0224748	-0.0629643	-0.0238586	-0.019101	-0.00113931	-0.00881335	-0.0411628	-0.081729	-0.0203586	-0.0174981	-0.0315541	0.0579774	-0.0308468	-0.0531712	0.00183011	-0.0562433	-0.0824859	-0.0315022	-0.0451122	0.0312917	-0.0301632	0.095823	0.100974	0.0650129	-0.097079	0.107524	-0.068693	0.101596	-0.0484627	-0.0306422	-0.0166844	-0.0864224	-0.0259352	0.0935082	-0.0294898	-0.0215068	0.0509852	0.00789418	-0.0365424	-0.0151062	-0.00700126	0.0011051	-0.00941251	0.0184302	0.00139306	-0.00595759	-0.0180248	-0.0238079	-0.0225918	-0.00330227	-0.010822	-0.00276818	0.00576261	-0.0241144	-0.00947214	-0.0272598	0.00628371	0.0674378	-0.0143551	0.00698116	0.00515733	0.00645288	-0.000780539	-0.00418397	0.0060713	-0.007802	-0.0256224	0.010407	-0.0201706	-0.0354419	-0.0276438	-0.0248053	0.010754	-0.0193267	0.0523795	-0.040632	0.10516	0.0168477	-0.0169832	-0.0411469	-0.0185691	0.110801
-0.0675567	-0.0409537	0.544302	0.515012	-0.0389538	0.100331	-0.0561218	-0.211411	-0.041745	1	-0.119356	-0.0271037	0.395405	0.734387	-0.0360729	-0.124135	-0.0413272	-0.0380162	-0.1071	-0.0438562	-0.0538505	-0.0569526	-0.0556551	-0.0626425	-0.0317533	0.634773	-0.0643816	-0.0301832	-0.0373863	-0.115538	-0.0511387	-0.0296758	-0.13216	0.100096	-0.0454319	-0.0494291	-0.0442451	-0.0150143	-0.0281383	-0.0815051	-0.045213	-0.0300788	-0.0452579	-0.0517478	-0.010022	0.617988	-0.0364202	-0.026418	0.0968662	-0.00937941	-0.0491862	-0.0879704	-0.0207677	-0.0564888	0.331584	-0.0615944	-0.0388767	-0.089234	-0.12608	-0.046134	-0.0961081	0.556658	-0.0383041	-0.104865	-0.0169249	-0.0327834	0.427773	-0.0240861	-0.0602651	-0.0225378	-0.0719318	-0.0613778	-0.0328795	-0.173549	0.0792332	-0.0434728	0.0575342	-0.12237	-0.215125	-0.0876304	-0.0220762	-0.130597	0.0919327	0.0785167	0.146553	-0.0426676	-0.126155	-0.0239873	-0.0209258	0.227654	-0.0318014	-0.0839307	-0.0286	-0.0350321	-0.0348954	-0.0913867	0.488707	-0.200354	-0.0234849	-0.0656086	0.0254547	0.246082	-0.0307802	0.246121	-0.0445795	-0.0352505	-0.0502296	-0.0317353	-0.114121	-0.129463	-0.0802199	-0.0669161	-7.97008e-05	0.224159	0.438724	-0.0605675	-0.0121342	-0.0892333	-0.0382424	-0.0216971	0.452523	-0.0203167	-0.110412	-0.0481309	0.31829	0.0429016	-0.0886831	-0.0139827	-0.148702	-0.0422832	-0.0196327	-0.0382969	-0.0271247	-0.100513	-0.0692371	-0.0512231	-0.0223971	0.393517	-0.0879517	-0.129039	-0.0579539	0.122091	-0.0411565	0.0901698	-0.0510001	-0.0740488	0.00219265	-0.0873039	-0.121533	-0.073272	-0.0817353	0.0631947	-0.0258938	0.142835	0.158169	-0.00429178	-0.0341835	0.10262	-0.120041	0.0327078	-0.00120701	-0.0379661	-0.0462444	-0.0792872	-0.0257173	0.0492611	-0.0635241	-0.0500771	-0.0392886	0.0270752	-0.0324133	-0.0127438	-0.0299254	-0.030052	-0.0683703	-0.0475343	0.139633	-0.0351211	-0.025379	-0.0144167	-0.0239928	-0.0582582	-0.00805332	-0.0146931	-0.0150545	-0.027562	0.128512	-0.0620721	-0.105319	0.144901	-0.0336411	0.0903226	-0.0314344	-0.0713536	-0.0289258	-0.0600464	-0.0540878	-0.114499	-0.0349139	-0.0733892	-0.0663779	-0.0194438	-0.0195665	0.0753122	-0.026491	-0.022987	-0.0703131	-0.021415	-0.0305747	-0.0524771	0.050618	-0.000591513	-0.0327741	-0.0369137
0.64473	-0.0529494	-0.0884868	-0.0521377	-0.0506161	-0.320718	-0.0905651	-0.3317	-0.065989	-0.119356	1	-0.0564096	-0.0418533	-0.090767	-0.0430589	-0.190068	-0.0573707	-0.0608981	-0.148155	-0.0693301	-0.0649597	-0.0690532	-0.076881	-0.0925525	-0.044293	-0.180165	-0.111272	-0.0442713	-0.0469018	-0.178071	-0.0905349	-0.0446374	-0.208674	-0.20396	-0.10888	-0.0571498	-0.0853223	-0.0461338	-0.0383775	0.637705	-0.0817231	-0.0482325	-0.0843233	-0.0165325	0.215568	-0.0866448	-0.0429604	-0.0347364	-0.207578	-0.303343	-0.024708	-0.0996561	0.29564	-0.088671	-0.117309	-0.0773553	0.022273	-0.0984085	0.623954	-0.0433027	-0.142231	-0.065494	0.286501	-0.152523	-0.0393303	-0.0535357	-0.0818698	-0.0137063	0.304052	-0.310468	-0.0830766	-0.108655	-0.0481488	0.370613	-0.207403	-0.00379446	-0.21953	-0.15665	0.298272	0.306584	-0.0401117	0.528332	-0.116569	-0.12615	-0.206998	0.33967	-0.0896282	-0.0630396	-0.0460379	-0.0911172	-0.0599829	-0.0910998	-0.0324864	0.198398	0.0141587	-0.142758	-0.122386	-0.225377	-0.0267524	-0.0474905	0.384102	-0.0848074	-0.0606403	-0.088815	-0.0603165	0.255886	-0.00458437	-0.0653588	0.518583	-0.11965	0.469201	0.415031	-0.0519233	-0.0446889	-0.0944692	-0.0539992	0.184167	0.271551	0.188215	-0.0450787	-0.0758481	-0.0418887	-0.16328	-0.0663109	-0.0480428	0.28377	0.313351	-0.0404158	0.0453199	-0.0292718	0.011055	-0.0200632	-0.0333991	-0.143543	-0.04866	-0.0259909	0.0195584	-0.0475965	0.238092	0.0238305	-0.0100275	-0.0883564	-0.0676263	-0.144673	0.149225	-0.138262	-0.235647	-0.0788936	-0.168455	0.351982	0.20508	0.118963	-0.0664102	-0.11921	-0.104458	-0.137461	0.15957	-0.178155	0.00992023	-0.12263	0.185478	-0.0577033	-0.0185946	0.200946	-0.00566394	-0.0983935	-0.0436586	-0.0248795	-0.0512633	0.0652643	-0.00306365	-0.00940766	-0.0322068	0.0152478	0.00492987	0.17621	0.0628475	0.201378	-0.0294299	0.02275	-0.0386884	0.0237817	-0.0364993	-0.0406094	0.04971	-0.0151938	-0.0311189	-0.0517496	-7.39908e-05	-0.0259432	-0.0396494	0.00783596	0.0186313	-0.036562	0.137561	0.0193452	0.0568558	-0.0117306	-0.0294239	-0.0245764	0.00242006	-0.0169332	0.0359093	-0.00928097	-0.0490973	-0.0454063	0.0336549	0.0159398	-0.0102316	0.0458722	-0.0653735	-0.0121683	-0.0496038	-0.0110538
-0.0350733	-0.000331787	-0.0188343	-0.0108648	-0.0167767	-0.0874042	-0.0129828	0.147318	-0.00518807	-0.0271037	-0.0564096	1	-0.00875497	-0.0198259	-0.0209677	0.261452	-0.00555814	-0.0118273	-0.0358261	-0.00784468	-0.0172003	-0.0333723	-0.00395312	-0.025861	-0.0115328	-0.0475656	-0.0323534	-0.0246374	-0.00595022	-0.0445576	-0.0191277	-0.0258338	0.202344	-0.0610166	-0.036441	-0.0121809	-0.0258444	-0.0296261	-0.0148907	-0.0295823	-0.0196032	-0.0317204	-0.0222021	-0.017417	-0.019885	-0.0205115	-0.00051225	-0.0196361	-0.0895165	0.122209	-0.0259062	-0.039504	-0.0935782	-0.0246044	-0.047858	-0.0297028	-0.0185626	-0.0559759	-0.0477823	-0.015877	0.236368	-0.0193738	-0.0229729	0.215887	-0.0210495	-0.00582149	-0.0266298	-0.0162524	-0.0187741	0.101078	-0.0299717	-0.0444488	-0.0204541	0.146076	-0.0879067	-0.0276489	-0.0912756	0.174244	0.119415	-0.0909895	-0.0111605	-0.042523	-0.0523001	-0.0550949	-0.0903641	-0.0779062	-0.0539942	-0.0160931	-0.00805721	-0.0304053	-0.012063	-0.0381824	-0.0212402	0.00286742	-0.0156294	-0.02331	-0.0417422	0.0824282	-0.0180599	-0.0408565	-0.0493334	-0.030588	-0.012405	-0.0330247	-0.00430633	-0.0621731	-0.0264482	-0.0265696	-0.029611	-0.0834397	-0.0136068	-0.0117544	-0.00526501	-0.0265687	-0.0196561	-0.0253837	-0.00273907	-0.0377949	-0.00389365	0.76646	-0.0140117	-0.00341763	-0.0404018	-0.0327547	-0.0109577	-0.0212367	-0.0273883	-0.0281155	0.150068	-0.00441161	-0.0122376	-0.028974	-0.00315588	-0.0406438	-0.0387287	-0.0227433	-0.0140203	-0.0175124	0.261279	0.161401	-0.0306348	-0.0583747	-0.0280627	-0.0816899	0.176392	-0.0308032	-0.102954	-0.0591267	-0.0657874	-0.0223144	-0.0238308	-0.0666872	-0.0165304	0.178625	-0.0538558	-0.0431269	-0.0778856	0.0976908	-0.0583884	-0.0366762	-0.0664267	-0.00762593	-0.0129388	-0.0929276	0.0055352	-0.0404466	-0.0206798	-0.0226778	-0.0240954	-0.032207	-0.0163921	-0.00944296	-0.00664387	-0.0166006	-0.00385482	0.0102741	-0.0264178	-0.000521724	0.00239283	-0.0189777	-0.011771	-0.00642788	-0.00313731	-0.0255228	-0.0311796	-0.0192071	-0.0421925	0.196659	0.0817545	0.0291403	0.00623247	-0.00578334	-0.0172635	0.0776064	0.0043742	-0.00249078	-0.0422122	0.0633466	-0.0011599	0.102589	-0.0199369	-0.00623673	0.00194212	-0.0392023	-0.0106969	-0.0157701	-0.00932165	-0.0200111	-0.0298028	0.0410468	-0.0187185	-0.0471986	-0.00941146	0.00849645
-0.0194915	-0.015013	0.518849	0.855229	-0.0101882	-0.0839774	-0.0231997	-0.0805547	-0.0239192	0.395405	-0.0418533	-0.00875497	1	-0.0190463	-0.0205226	-0.0450201	-0.0220351	-0.0209911	-0.0370842	-0.0133352	-0.0297037	-0.0181659	-0.0250799	-0.0291284	-0.0194541	0.249587	-0.0232734	-0.0114163	-0.0142996	-0.0379514	-0.0139497	-0.0171517	-0.0373662	0.156031	0.0147391	-0.0187279	-0.0194102	-0.0103101	-0.000570699	-0.0255451	-0.0167398	-0.00579946	-0.0184249	-0.0225522	0.00342811	-0.017146	-0.0301729	-0.0160612	-0.072018	0.108165	-0.0152567	-0.0212188	0.0897367	-0.034181	-0.0266402	-0.0250402	-0.0188894	-0.0453219	-0.0526652	-0.0179767	-0.022197	0.556988	-0.0178171	-0.0275213	-0.0027953	-0.0131484	0.420425	-0.0181581	-0.0278837	0.10099	-0.0236781	-0.000460891	-0.0206276	-0.0612126	-0.0729313	-0.0113899	-0.0792666	-0.0467523	-0.0877743	0.07895	-0.00555293	-0.0564207	0.205149	0.191565	-0.0688203	0.105227	-0.0382993	-0.010447	-0.0117822	0.340726	-0.0215316	-0.0406821	-0.0206841	-0.019509	-0.00772288	-0.0489613	0.191079	-0.0623205	-0.00432991	-0.0203911	0.13906	0.358535	-0.020532	0.340256	-0.0300291	0.0841417	-0.0266693	0.00937859	-0.0512377	-0.0450408	-0.0287581	-0.0167122	0.0289451	0.327422	-0.0245012	-0.019295	0.00874026	-0.0532463	-0.0246819	-0.012153	-0.0182155	-0.0191438	-0.0619436	-0.0159177	1.86007e-05	-0.0193332	-0.0522222	-0.0123013	-0.0788633	-0.0120435	-0.0150998	-0.0172203	-0.012271	-0.049457	-0.0181329	-0.0110495	-0.0180341	0.594159	-0.051181	-0.0775001	-0.019358	0.148113	-0.0245041	-0.0435452	-0.0364947	-0.0480947	-0.0790963	-0.029459	-0.0592763	-0.0185937	-0.0486515	0.12332	-0.0123377	-0.0360594	-0.0306832	-0.0454881	0.102115	-0.0589369	-0.0568388	-0.0361355	0.116689	-0.0240769	-0.0170578	0.070574	-0.0111889	-0.0251719	-0.0292514	-0.0192868	-0.0290707	0.0931783	-0.0287487	-0.0202848	0.000120165	0.00249981	-0.0426443	-0.0132337	-0.0361549	-0.0148163	-0.0132125	-0.0217267	-0.0185539	-0.0428696	-0.00712268	-0.0089778	-0.0175398	-0.00367031	0.0957253	-0.0233106	-0.0730301	0.274009	-0.00653328	0.0384661	0.000531783	-0.0510867	-0.0219075	-0.0398086	-0.0450302	-0.0735929	-0.016565	-0.0404855	-0.0469905	-0.0195736	-0.0115036	0.0491656	-0.0192946	-0.0141695	-0.0342073	-0.0169573	-0.0389011	-0.0671278	0.0224637	-0.0432245	-0.00413488	-0.0198687
-0.0550178	-0.0329294	-0.0273133	-0.0313853	-0.0315093	0.263295	-0.0412839	-0.155204	-0.028396	0.734387	-0.090767	-0.0198259	-0.0190463	1	-0.0221625	-0.0850973	-0.0303292	-0.0384476	-0.0805512	-0.0334386	-0.0340979	-0.0414937	-0.0432558	-0.0446657	-0.0186738	0.467274	-0.050547	-0.0268116	-0.0268954	-0.0848001	-0.037628	-0.00996976	-0.104453	-0.105773	-0.0641452	-0.037626	-0.023851	-0.0224758	-0.0175875	-0.0615132	-0.0312968	-0.016247	-0.032917	-0.0357586	-0.0058303	0.850188	-0.0173607	-0.0101273	0.238318	-0.170777	-0.0323933	-0.0700312	-0.16318	-0.0296403	0.490464	-0.0470941	-0.0269981	-0.0459345	-0.0889567	-0.0325804	-0.0869651	-0.0377262	-0.033881	-0.091274	-0.0108478	-0.0254173	-0.0406862	-0.0117921	-0.0471522	-0.179673	-0.0577204	-0.0659338	-0.0253454	-0.135668	0.220244	-0.0375921	0.205213	-0.100556	-0.165322	-0.167135	-0.0134882	-0.0939152	-0.0769888	-0.0808923	0.225456	-0.139262	-0.0940289	-0.00904771	-0.00944548	-0.0466874	-0.0151281	-0.0559191	-0.0162866	-0.0359332	-0.0215433	-0.0637651	0.353159	-0.149066	-0.0259649	-0.0443425	-0.105123	-0.0479326	-0.0198323	-0.0303159	-0.0236278	-0.124452	-0.0280231	-0.0495499	-0.0845964	-0.0888879	-0.0598797	-0.04986	-0.0326925	-0.0299224	0.491997	-0.049367	-0.00997893	-0.062583	-0.0296923	-0.0124343	0.619736	0.00081449	-0.074958	-0.0274356	0.122876	-0.00939868	-0.0644102	-0.00273889	-0.103092	-0.0273073	-0.00588936	-0.0248063	-0.0207754	-0.0668285	-0.046027	-0.0405565	-0.0109217	-0.023533	-0.0634047	-0.0816087	-0.0394508	-0.0507616	-0.0251995	0.196468	-0.0275811	-0.0435449	0.122876	-0.0621201	-0.0794139	-0.0654339	-0.0520125	-0.0882225	-0.0201234	0.249064	0.263696	-0.0219906	-0.12772	0.163663	-0.0820769	-0.00266951	-0.102194	-0.0231446	-0.025117	-0.151699	-0.0211601	0.0204685	-0.0430276	-0.033565	-0.0159506	-0.0166511	-0.00740778	-0.0256381	-0.0247619	-0.0305408	-0.0441324	-0.0312368	0.227548	-0.0284738	-0.0275691	0.0219609	-0.0212763	-0.0339539	-0.00116826	-0.0154526	0.0146814	-0.0167406	0.0454216	-0.0435146	-0.0535501	-0.0419867	-0.0293903	0.097397	-0.0361068	-0.0351713	-0.0125668	-0.0321176	-0.00768191	-0.0637441	-0.0417685	-0.0365988	-0.0406114	0.00393812	-0.00566551	0.0200427	-0.0168869	-0.00797143	-0.0479063	0.00776957	0.000650212	-0.0418968	0.043462	0.0593053	-0.0224586	-0.0248811
-0.0355822	-0.0185047	-0.0227034	-0.0278692	-0.0252343	-0.099401	-0.0239211	0.154275	-0.0126598	-0.0360729	-0.0430589	-0.0209677	-0.0205226	-0.0221625	1	0.263418	-0.000656032	-0.0225897	-0.0413075	-0.0218	-0.0154764	-0.0263296	-0.0148308	-0.0265942	-0.0184562	-0.0535376	-0.0360473	-0.0150757	-0.00440434	-0.0596723	-0.0309583	-0.0248433	0.21731	0.179361	-0.0198078	-0.0203196	-0.0147461	-0.00259872	-0.0142213	-0.0372787	-0.022701	-0.0151673	-0.0271909	-0.0153658	-0.00594209	-0.0181674	-0.014867	-0.000856833	-0.0912138	0.119943	-0.0319987	-0.034342	0.113107	0.401011	-0.0407404	-0.0255431	-0.00143548	-0.0572211	-0.0397883	-0.0220459	-0.026883	-0.0251712	-0.0238716	-0.0294806	-0.0203659	-0.0144936	-0.0262817	-0.0150489	-0.0012592	0.116769	-0.0298818	-0.0218802	-0.00981185	-0.0554286	-0.103976	-0.0109885	-0.104405	0.196435	0.122672	0.111906	0.00992188	-0.0568273	-0.0458831	-0.0472456	-0.0812777	-0.0803788	-0.0410835	-0.0197228	0.00600749	-0.0137015	-0.00725632	0.264631	0.766253	-0.0229061	-0.00508646	0.200825	-0.0289847	-0.0776526	0.000261558	-0.0293085	-0.0426898	-0.0192847	-0.00815215	0.00056184	-0.0169443	0.102489	-0.0242271	-7.91959e-05	-0.0375289	-0.0586704	-0.0409344	-0.0162995	-0.0190111	-0.012377	-0.0239744	-0.0187403	-0.0186352	-0.0354913	-0.0356581	-0.019879	0.0103616	-0.0124355	0.15492	-0.0246945	-0.0138878	-0.0337359	-0.0296739	-0.0186488	0.108984	-0.0201153	-0.0234004	-0.0352522	-0.00150707	0.155661	-0.0151774	-0.0138818	-0.0171151	-0.0193803	-0.0259918	0.117866	-0.0342368	-0.0427961	-0.0328018	-0.0524431	-0.01481	0.190758	-0.0149123	-0.0376223	0.128178	-0.0364719	-0.0211638	-0.0568461	-0.0179388	-0.043036	-0.0397987	0.139089	-0.0722902	0.107653	-0.0544808	0.186708	-0.0565605	-0.0216096	-0.0198744	-0.081723	-0.0193969	0.186727	-0.0366562	0.0178207	-0.0157036	-0.0066905	-0.0290969	-0.0270865	0.111397	-0.00724814	0.0626046	-0.0101128	-0.0178501	-0.0104016	-0.0170247	-0.0161361	0.0296138	0.0705151	-0.025611	-0.00829141	0.0380489	-0.0281782	-0.0541824	-0.0317617	0.0194142	-0.0108706	-0.00826016	-0.00811192	-0.0189758	-0.0385589	-0.00246578	0.0724788	0.0867461	0.0122589	-0.0135074	-0.0305403	0.0402502	-0.0234372	-0.00789542	-0.00926614	0.177716	0.0632634	0.0991227	-0.0255747	-0.000251477	-0.0474756	-0.0183057	-0.023123	-0.0236367	-0.0132059
-0.118755	-0.0435392	-0.104855	-0.0663453	-0.0628975	-0.350946	-0.0928202	0.590631	-0.0626932	-0.124135	-0.190068	0.261452	-0.0450201	-0.0850973	0.263418	1	-0.056642	-0.0752196	-0.164549	-0.0615001	0.378019	0.335498	-0.0748105	-0.0914882	0.250845	-0.140792	-0.107347	-0.0511651	-0.0514796	-0.199685	-0.0776223	-0.0628943	0.183796	0.0404463	-0.110874	-0.0580153	0.387427	-0.065985	-0.0403349	-0.131568	-0.0721414	-0.0693949	-0.0551027	-0.0038753	-0.0429073	-0.0842964	-0.0676917	0.151906	0.128168	0.0126719	-0.0967505	-0.14449	-0.0778046	0.484015	0.0732141	-0.0831536	-0.0484441	0.145801	-0.189449	-0.0432706	-0.0852262	-0.0666825	-0.076669	-0.0208391	-0.0633906	-0.0560354	-0.00980296	-0.0709078	-0.0647257	0.028331	-0.104138	-0.131563	-0.0532523	-0.152042	0.0586478	0.125581	0.0231796	0.21048	0.0243216	0.0327771	-0.046574	-0.190384	-0.0688834	-0.0803592	0.027632	-0.221578	0.0822352	0.327641	-0.0446947	0.0623405	-0.0594815	0.353075	0.205436	-0.0548159	-0.0641236	0.268733	-0.0321847	-0.018564	0.20836	0.176335	-0.0425239	0.00233664	0.0199607	0.0810335	0.306595	0.0872801	-0.0986329	-0.101225	-0.163166	0.0883195	-0.109017	-0.072399	-0.0742106	0.00673138	-0.0754511	-0.0877085	-0.0359211	-0.0593379	-0.0715662	0.182644	-0.0170769	0.112675	0.09219	0.162832	-0.0444996	-0.103388	-0.131538	0.141128	0.153616	-0.0171889	-0.0592998	0.030655	-0.0434636	0.220039	0.272992	-0.0640806	-0.0517851	-0.0289537	-0.0391235	0.17115	-0.0923816	-0.207025	-0.089816	0.135358	-0.0441719	0.198123	0.26888	0.189174	0.295247	-0.101762	-0.132294	-0.256186	-0.0596095	0.14208	0.0775817	0.112393	-0.193657	0.15433	0.03405	0.0413963	-0.0937857	0.267837	-0.06184	-0.0809676	-0.0409959	0.0333378	-0.107685	-0.0591208	-0.0915231	-0.0866309	-0.106699	-0.0473756	0.00594109	0.00981573	-0.0370115	-0.0359952	-0.0491421	-0.0560376	-0.0584842	-0.0790363	-0.0358935	-0.0378747	-0.0421063	0.174133	-0.0324279	0.0624283	-0.0740693	0.258213	0.0433539	0.0188707	-0.00552255	0.0851194	-0.0179611	0.128702	-0.0200408	-0.0238964	0.0152962	0.0940492	-0.0641487	0.0835245	0.036485	-0.00376671	0.0802291	-0.0922186	0.0684963	-0.0500242	-0.0416654	-0.0341422	-0.0602612	0.0726129	0.0232419	-0.078056	0.057295	-0.038078
-0.0442374	-0.0167904	-0.0311688	-0.0329442	-0.0151864	-0.0750345	-0.0135472	-0.108462	-0.0188473	-0.0413272	-0.0573707	-0.00555814	-0.0220351	-0.0303292	-0.000656032	-0.056642	1	-0.0307719	-0.0248185	-0.0186399	-0.0364636	-0.0313912	0.720486	-0.0200064	-0.0241877	-0.0557959	-0.0200421	-0.00860207	-0.0140426	-0.0564365	-0.0323322	-0.0194001	-0.0665351	-0.0772004	-0.0510561	-0.0110738	-0.0238704	-0.000183381	-0.016093	-0.0332264	-0.00912621	-0.0179155	-0.0125918	-0.0280814	-0.00833775	-0.0352901	-0.0236242	-0.016209	-0.0746243	0.116131	-0.0240033	-0.0342769	-0.10977	-0.0309095	-0.0448243	-0.015638	-0.0223339	-0.0346163	-0.0632716	-0.0103842	0.226817	-0.0261659	-0.0246395	0.213205	-0.0217721	0.00771797	-0.033174	-0.000637891	-0.035679	0.107265	-0.0249855	-0.0523823	-0.0133165	0.12997	-0.072273	-0.0266619	-0.0714898	0.0141784	-0.0290038	0.040645	-0.0125096	-0.0550316	0.139537	0.132868	-0.0772102	0.055649	-0.0408989	-0.0229566	-0.0172266	0.238626	-0.0163896	-0.0419246	-0.00453156	-0.0173163	-0.00598664	-0.0432631	-0.0436579	0.107034	-0.0190397	-0.0355232	-0.0652441	-0.0315754	0.72246	-0.0303349	-0.0201958	-0.0770208	-0.0137722	-0.0476791	-0.0484618	0.0212138	-0.0308624	-0.0201381	-0.0351712	-0.0104034	-0.0352104	-0.0245807	-0.0196278	-0.0454167	-0.0168812	-0.0131927	-0.0302406	-0.00866936	-0.0543874	-0.0274714	-0.000992033	-0.026737	-0.0422063	-0.0140866	-0.0714566	-0.00955656	-0.00794205	0.110006	-0.015286	-0.0447606	-0.02607	-0.0184165	-0.0110402	-0.0310785	-0.0470512	-0.0684571	-0.0204227	0.0739843	-0.0256356	0.0237097	-0.0247607	-0.0377378	-0.0147464	-0.0387681	-0.0566222	-0.0265594	-0.0492908	0.0490198	-0.00704484	0.0509715	0.0532219	-0.0477434	0.0383509	-0.0982175	0.0256873	-0.038838	0.0678554	-0.0248679	-0.0137691	-0.0939124	-0.0164632	-0.0277789	-0.0197601	-0.021049	-0.0378185	-0.070441	-0.0286557	-0.0180301	0.00258673	-0.021533	0.0101316	-0.0162692	-0.0190629	-0.0304387	-0.00699249	-0.0160914	-0.0148497	0.0185664	-0.0136497	-0.0149514	0.0768102	0.0359135	-0.0375415	-0.0221902	-0.0116388	-0.0174581	-0.0171623	-0.0376648	-0.0216537	-0.049961	-0.00976711	0.0410863	0.0770969	-0.020727	-0.0199913	-0.0454619	0.0182214	-0.00778816	-5.14036e-05	-0.00680318	0.0303297	0.194555	0.168569	-0.0146946	-0.0349025	-0.0707909	-0.0304011	-0.0332085	0.0185867	0.0553232
