1	-0.0316883	-0.0652633	-0.142411	-0.0281706	-0.0666636	-0.0596559	-0.0496453	-0.0565843	-0.0698217	-0.0351501	0.295844	-0.108014	-0.110526	0.546245	-0.0455856	-0.0321746	-0.0226084	-0.0387742	-0.0511616	-0.0906671	-0.0133461	-0.0323883	0.575175	0.178063	-0.0419942	0.023368	0.125946	0.0251268	0.00378654	-0.080677	0.0160825	0.192931	-0.0294267	-0.0191312	0.169386	0.0198711	0.0791286	0.000651495	0.00359179	-0.0438783	0.10748	0.187106	-0.0170947	0.0275224	-0.0499833	0.151404	-0.13315	-0.00823223	0.0287624	-0.00836795	0.355277	-0.0449143	-0.034918	-0.0201479	-0.00615995	0.00122174	-0.0239418	-0.0239253	-0.00954185	0.022603	-0.0092629	-0.02857	-0.0262545	-0.0514835	-0.0350517	0.0470431	-0.0229187	-0.0114345	-0.0117479	-0.00625963	0.0310799	0.104607	-0.00732431	-0.0135575	-0.000405743	-0.035887	0.0173021	-0.0187302	-0.00501598	0.00409413	-0.0140136	0.003796	-0.0119123	0.0024472	-0.0791379	-0.00507569	-0.00426725	0.0035471	-0.0106851	-0.00606377	0.0266513	-0.0097987	-0.0352315	-0.0161239	-0.0381709	-0.00963436	-0.0865559	-0.0109279	-0.0354674	-0.0310956	-0.0204259	-0.00524168	-0.035204	-0.0164112	0.0972046	-0.0151216	0.05339	-0.00784935	-0.0620468	-0.0306296	0.2	-0.00857841	-0.0142545	-0.0138789	-0.00383726	-0.0186306	-0.0628281	-0.0150387	0.048446	-0.00209763	-0.00772451	0.239749	-0.00260362	0.0383674	-0.0454752	0.00601649	-0.00842911	-0.0365752	-0.00368303	0.196946	-0.00638784	0.00863981	-0.0136096	0.0332283	0.0281427	-0.030646	0.0378456	-0.0125532	-0.00193006	-0.00436712	0.0643287	-0.0475869	-0.0188481	-0.011814	-0.0530289	-0.00789919	0.0274138	0.00200817	-0.00752101	0.0246499	0.00694968	-0.00213859	-0.00271858	-0.0182577	-0.0605501	0.0125455	-0.0194358	-0.0235788	0.0511959	-0.00382388	0.0529114	0.0683179	-0.0177747	0.0401153	-0.0275784	0.0444011	0.0067025	0.0983899	-0.0123011	-0.00079129	0.0155788	0.159816	-0.0123035	-0.0261625	-0.0178905	0.0412914	-0.0332924	0.0401188	-0.000944686
-0.0316883	1	-0.0466146	0.194292	-0.0133533	-0.0430262	-0.0426415	-0.031147	0.385951	-0.0514493	0.580424	0.145312	0.212357	0.205901	-0.0213764	0.0558232	-0.0257051	-0.00744656	0.0691383	-0.0496986	0.199597	-0.0186371	-0.00544387	-0.0149647	0.163419	-0.0138026	0.185929	0.313081	-0.0291751	0.168232	-0.0481253	-0.0144839	0.473212	-0.0197078	0.0189422	0.130256	0.180754	0.244549	-0.0124382	-0.0181215	-0.039476	-0.0762916	-0.0548864	0.027193	-0.0187606	0.0542457	-0.0267923	-0.0977228	0.127593	-0.01251	-0.00308641	-0.0106443	-0.00389607	-0.00163062	-0.0138659	-0.0571529	-0.00431514	-0.0143364	-0.00399996	-0.0409263	0.0207084	-0.0507437	-0.0650709	-0.059921	-0.077433	-0.0208646	-0.0289696	-0.0333058	-0.0223043	-0.0215864	-0.0192766	0.0917649	-0.0157057	-0.0649834	-0.0310786	-0.00475651	-0.0326611	-0.0402538	-0.0329749	-0.0464316	-0.000614552	-0.015013	-0.0402942	-0.0431632	-0.0302808	-0.0398084	-0.0192927	-0.0140943	-0.0422365	-0.00838239	-0.0184431	-0.0114134	-0.0095699	-0.0365208	-0.0157544	-0.0580503	-0.00486178	-0.0786517	-0.0294515	-0.02823	-0.00791577	-0.00812949	-0.0335784	-0.0323368	-0.028274	-0.015871	-0.00262504	-0.0199913	0.00619734	-0.0403613	-0.0391607	-0.00175144	-0.0273173	-0.0117234	-0.0159848	0.00283368	-0.0110668	-0.0482198	-0.0423175	0.0440123	0.0135603	0.00743719	-0.0168729	0.0658836	-0.0218298	-0.0364684	-0.0163278	0.0461682	-0.0217952	-0.00554098	-0.00858047	-0.024929	0.080136	-0.00619263	-0.0519314	-0.0199862	-0.0396071	-0.0338095	-0.00287646	-0.0166961	-0.0735135	-0.0212372	-0.0397939	-0.0273627	-0.009093	-0.0223403	0.0021229	-0.0139635	-0.0337121	-0.0285836	0.0185349	-0.016364	-0.0712403	0.00927265	-0.00414969	-0.0481441	-0.0138491	-0.0269574	-0.0105693	-0.0443284	0.0100894	0.06952	-0.0013047	-0.0105438	0.051229	0.0174379	-0.0245883	0.0645781	-0.0391402	-0.00283838	0.0182793	-0.0149797	0.402125	-0.00705983	0.00119056	-0.0180898	-0.0178054	-0.0365732	-0.0472732	0.0143746
-0.0652633	-0.0466146	1	-0.193608	-0.0505536	-0.100146	-0.0829703	-0.0664882	-0.0885387	-0.102489	-0.0580881	-0.204918	-0.147943	-0.158448	-0.0832801	-0.0547949	-0.0366195	-0.049265	-0.049405	0.744345	-0.161303	-0.0362527	-0.0430398	-0.0317725	-0.195798	-0.0491137	-0.137912	-0.10471	-0.0563835	-0.178631	-0.0745249	-0.0320144	-0.0604987	-0.0355635	-0.0796904	-0.231421	-0.179198	-0.138811	-0.0213839	-0.00815861	-0.0661956	-0.122659	-0.0793351	-0.0658062	-0.0385466	-0.0523626	-0.109234	0.26428	-0.166747	-0.0401963	-0.0152686	-0.0225085	0.0418774	-0.0409102	-0.0369674	-0.0401195	0.177071	-0.0206743	-0.0351537	0.104581	0.0570933	-0.0381473	0.0761618	0.0767803	-0.0687968	-0.018148	-0.0138922	0.158295	-0.0317066	0.162947	-0.0173399	0.0853081	-0.0125191	0.0916907	-0.0373548	-0.0145358	0.147479	-0.0097527	-0.0262895	-0.0300781	-0.0106606	-0.0324025	-0.0234181	-0.0300757	-0.0210268	0.0311798	-0.0281433	-0.0126725	0.0931475	-0.0209056	-0.0231738	0.00862011	-0.0186807	0.146802	-0.0184436	0.0959222	-0.0231329	0.0899164	-0.0276652	0.0293927	-0.0337991	-0.018097	-0.0201856	-0.0530784	-0.0170611	-0.0283369	-0.0329687	0.0897092	-0.0139274	0.0314861	0.114435	-0.0353639	-0.0326514	-0.0270219	-0.0407382	-0.00991205	-0.0396618	0.000511319	-0.0424524	0.0555479	-0.00132223	-0.0131618	-0.0270499	-0.0400138	0.172963	0.0156723	0.0280117	-0.0366565	0.0367572	0.00474526	-0.0361404	-0.0147259	-0.0810829	-0.0167238	0.0315969	0.0392765	0.0269337	0.0551942	0.0815274	0.013938	0.0724936	0.0788637	-0.0344258	-0.00838565	-0.025015	0.0208554	-0.0065883	-0.0442818	-0.0228848	-0.0273656	-0.0486269	-0.0154519	-0.0217375	-0.00740961	-0.0199106	0.03162	0.00367063	-0.0479191	-0.0343389	-0.00917212	-0.0311672	-0.0268934	-0.0140024	0.099061	-0.0334874	-0.00695611	0.00257431	-0.0589383	0.00247388	-0.0487344	0.0424734	0.125681	-0.0523296	-0.0169028	0.0066085	0.043533	-0.0260774	-0.00143289	-0.0310974	0.0453602
-0.142411	0.194292	-0.193608	1	-0.124809	-0.255432	-0.216838	-0.166615	-0.0867471	-0.0442178	0.0250414	-0.434888	-0.282759	-0.141872	-0.0365613	-0.0950787	-0.0873122	-0.107117	-0.0863989	-0.139022	-0.174232	-0.0872865	-0.0668683	-0.098029	-0.161163	0.173831	-0.182846	-0.0267254	-0.0520997	-0.208882	-0.210367	-0.10706	0.0288032	0.117513	-0.074888	-0.251404	-0.206061	-0.0678208	0.14999	0.130305	-0.175025	-0.215613	-0.0931542	-0.102634	-0.116621	-0.0268666	-0.124084	0.33182	-0.222517	-0.0988215	-0.0547068	-0.056957	-0.0781175	0.124736	0.054065	0.141686	-0.0343374	-0.11693	0.144438	0.0887199	-0.021512	0.119557	0.0813012	0.114168	0.0485584	0.107002	-0.0263459	0.0200279	0.0178151	0.0210053	0.00748459	0.159752	-0.063301	0.0407703	-0.0778779	-0.0425698	0.0725777	0.00348132	-0.113754	0.0475665	0.0746299	-0.0700729	0.00224696	-0.092812	-0.0184715	-0.0751001	0.160532	0.1364	0.104491	-0.0499719	0.0081103	0.0628994	-0.0476944	0.0856516	0.130424	0.112403	-0.0500536	-0.00627093	-0.0019709	0.0775772	-0.0782838	-0.0245233	0.0198638	-0.105879	0.102836	-0.0808014	0.0877212	-0.023161	-0.0507039	-0.104124	0.0393706	-0.0330834	0.0110046	-0.0254609	-0.0156976	-0.0246911	-0.0858883	-0.0870727	0.0252965	-0.0710517	-0.0301634	-0.046639	-0.0496636	-0.000454358	-0.0422675	-0.00123649	0.115215	-0.0304207	-0.0957418	-0.0361482	0.00790513	0.0714554	0.00444695	0.059317	0.0780359	0.00338861	0.0504398	0.077413	0.00350547	0.00284692	-0.0695406	-0.0264037	-0.0248068	-0.00506233	0.0653074	-0.0468919	-0.0489541	-0.0421737	0.0154002	0.12478	0.0158486	-0.0252998	0.0181002	-0.020619	0.0482607	-0.0782975	0.0467999	-0.0387628	-0.0327626	0.0279297	-0.030499	0.0299331	-0.0192532	-0.00414138	0.0471783	0.0762429	0.115387	-0.0475776	-0.0314766	0.222585	0.0301156	-0.0394428	0.0479082	0.110003	-0.0267903	-0.00787737	0.0807739	0.0438945	0.0841325	0.0296714
-0.0281706	-0.0133533	-0.0505536	-0.124809	1	0.529805	-0.0397452	-0.0458765	-0.048201	-0.0449397	-0.0229858	-0.115902	-0.0957297	-0.0926565	-0.041054	-0.0363948	-0.0171554	-0.037512	-0.0287605	-0.0535242	0.0600194	0.664888	-0.010041	-0.024395	-0.119759	0.172485	-0.0713052	-0.0380135	-0.0544375	-0.106679	-0.0553411	-0.0443204	-0.0117897	-0.0124801	-0.0605622	-0.166778	-0.106384	-0.0755599	-0.020722	-0.0229926	-0.0401874	-0.0260705	0.00402073	-0.0546485	-0.0494362	-0.0276931	-0.105863	0.0401184	0.0595805	-0.0320897	-0.0235979	-0.0185018	-0.0338727	-0.0222812	0.200699	-0.0572654	0.096288	-0.034989	0.165034	0.0331829	-0.0512053	-0.0484326	0.0744578	0.0829099	-0.0757552	-0.0147231	-0.0167022	0.15742	0.323902	-0.0247052	0.359329	-0.089781	-0.0071685	-0.0133099	-0.0464922	-0.0192932	-0.0258872	-0.0999206	-0.031772	0.11573	-0.00394923	-0.0198599	-0.0515079	-0.0422257	-0.0305477	0.0153012	-0.0189578	-0.0476645	-0.093324	-0.0140479	0.317578	-0.0737421	-0.0084053	-0.0248584	-0.0177777	-0.037167	-0.0123125	0.0331542	-0.030932	-0.0413897	-0.010329	-0.0196425	-0.0437114	-0.0260022	-0.0110001	-0.00520413	0.117854	0.00508957	-0.0179737	0.085646	-0.025712	-0.024262	-0.0144281	-0.0259356	-0.0209187	-0.0242338	0.0222591	0.0547648	-0.0228384	-0.0177888	-0.0029082	-0.0148262	-0.0241735	-0.00561909	-0.0209741	-0.00175378	-0.0578777	-0.0179836	0.0504488	-0.0155006	-0.0299282	-0.0776567	0.0244891	0.186715	-0.0873946	-0.00771593	-0.040427	-0.0870555	-0.0101818	-0.00785085	0.0215769	-0.048081	-0.0466431	-0.0245599	0.0785247	-0.0231012	-0.0139346	0.102615	-0.0297356	-0.0540422	-0.00457262	0.338308	0.00763394	-0.0126202	0.0768985	0.0681862	-0.0041651	-0.0312605	-0.0292326	-0.0643208	-0.0116395	-0.0275987	0.0125072	0.106041	0.0133376	-0.0292418	-0.0716807	0.0188592	-0.038345	-0.0355409	-0.0268032	-0.0235427	0.00385179	-0.0147713	-0.012097	-0.0437814	0.00221536	-0.028416	-0.0754334	-0.0267147
-0.0666636	-0.0430262	-0.100146	-0.255432	0.529805	1	0.821589	-0.0876641	-0.0895739	0.685116	-0.0565573	0.287421	-0.172894	-0.0776954	-0.0992293	-0.0642289	-0.0309208	-0.0564614	-0.0543842	-0.102448	-0.00631144	0.342998	0.307775	-0.0508179	-0.166118	0.0477396	-0.055196	0.0521329	-0.0801757	-0.125377	-0.115957	-0.0616049	-0.0385541	-0.0379983	-0.109657	-0.240816	-0.11466	-0.0446517	-0.0367509	-0.0573795	0.64375	-0.164922	-0.114112	-0.0974094	-0.0683848	-0.0660066	-0.199802	-0.140665	0.338172	-0.0555864	-0.0321457	-0.0378983	0.009179	-0.0182852	0.0904753	-0.0757321	-0.0381959	-0.068235	0.0423668	-0.0720615	-0.100271	-0.0594647	-0.0148883	-0.00274955	0.127783	-0.0311974	0.0874384	0.0491747	0.152503	-0.0445779	0.173945	-0.182094	-0.0296283	-0.0999928	0.00100766	-0.00139906	-0.0567722	-0.117774	0.0123757	0.02774	-0.00832535	0.0770027	-0.0339702	-0.0744625	-0.0447337	-0.0609874	-0.0464625	-0.0804077	-0.15578	0.125035	0.145807	-0.112635	0.114608	-0.0646811	-0.0341447	-0.0855847	-0.0264354	-0.0583326	0.0183018	0.0517204	0.268268	-0.0431227	-0.034242	0.338709	-0.0265901	-0.0363247	0.0461748	-0.0173617	0.0960265	-0.0247164	-0.0542075	-0.0626542	-0.0471981	-0.0287186	0.0177319	-0.014406	-0.0223991	-0.0203742	-0.0474547	-0.0440206	0.00395731	0.0948664	-0.044349	-0.0340863	-0.0266711	-0.0765464	-0.0744576	0.0350079	-0.0628946	0.117751	-0.0471603	-0.0748639	0.144939	0.082911	-0.123887	-0.0493915	0.0130925	-0.143048	0.0104198	0.029601	-0.0634311	-0.0673656	0.219723	-0.0482717	0.0368028	-0.059058	-0.0272376	0.00839987	-0.0171385	-0.071664	-0.0472144	0.168837	-0.0767279	-0.0242566	0.0259445	-0.00291995	-0.0259505	-0.0555391	-0.0509962	-0.0956824	-0.026755	-0.0410568	-0.0249892	0.0360885	-0.0215338	-0.0336034	-0.125792	0.137504	-0.0427743	-0.0598587	-0.0598178	-0.0332822	-0.0201114	-0.025858	0.00577769	-0.0894467	-0.0256149	0.0420758	-0.120495	-0.0563376
-0.0596559	-0.0426415	-0.0829703	-0.216838	-0.0397452	0.821589	1	-0.0715648	-0.0740196	0.83214	-0.0513528	0.412732	-0.139828	-0.0290857	-0.0898769	-0.0512887	-0.0242773	-0.0406562	-0.0439346	-0.083467	-0.0510016	-0.0204963	0.37176	-0.04285	-0.119729	-0.0584457	-0.0227311	0.0865244	-0.05807	-0.081501	-0.10087	-0.0432988	-0.0383688	-0.0362038	-0.088168	-0.176865	-0.0695293	-0.0016288	-0.028878	-0.0529453	0.797926	-0.178397	-0.134906	-0.0776327	-0.0477063	-0.0583392	-0.168453	-0.191442	0.360813	-0.0433217	-0.0216982	-0.0317453	0.0350236	-0.0058316	-0.023632	-0.0547299	-0.107873	-0.0567048	-0.0597215	-0.110466	-0.0873179	-0.0380859	-0.0670955	-0.0583095	0.206106	-0.0283642	0.110747	-0.0502779	-0.0370278	-0.0356711	-0.0358546	-0.154177	-0.029324	-0.110716	0.033929	0.0121294	-0.0511601	-0.072298	0.0375538	-0.0441714	-0.00916577	0.106624	-0.00565463	-0.0593788	-0.0336481	-0.0803807	-0.0423396	-0.0622494	-0.123673	0.159237	-0.0400551	-0.085414	0.143093	-0.0596088	-0.0277235	-0.0776255	-0.0224065	-0.090776	0.0403428	0.0881038	0.32612	-0.0374424	-0.0138499	0.421099	-0.0233986	-0.0384748	-0.0213067	-0.0233553	0.126691	-0.0844933	-0.0464234	-0.0565631	-0.045977	-0.0170169	0.0357686	-8.43894e-05	-0.0403211	-0.058585	-0.0409969	-0.0387203	0.00733762	0.123224	-0.035501	-0.035513	-0.0185014	-0.0890695	-0.0492703	0.0521605	-0.108128	0.148866	-0.0348045	-0.0382987	0.155876	-0.0253762	-0.0881851	-0.0567918	0.043739	-0.111297	0.0195655	0.0402583	-0.087236	-0.0480624	0.293898	-0.0414291	-0.00807707	-0.0527022	-0.0222575	-0.0589395	0.000337078	-0.047948	-0.0525997	-0.0215312	-0.0936252	-0.0195201	-0.0213375	-0.0466351	-0.0271926	-0.0444827	-0.040036	-0.0705783	-0.0231509	-0.0297698	-0.0380003	-0.0269697	-0.0384907	-0.0211105	-0.104256	0.151558	-0.0243753	-0.0460298	-0.0565222	-0.025824	-0.027783	-0.0212471	0.0155577	-0.0798755	-0.030951	0.0696718	-0.0925589	-0.0521784
-0.0496453	-0.031147	-0.0664882	-0.166615	-0.0458765	-0.0876641	-0.0715648	1	-0.0542876	-0.0917555	-0.0389452	-0.156747	-0.109681	-0.119724	-0.0708565	-0.0530624	-0.0345158	-0.0311438	-0.0517375	-0.0641668	-0.134339	-0.0267801	5.67487e-05	-0.0305865	-0.172006	-0.0398321	-0.106096	-0.0558244	-0.0549248	-0.150869	-0.0792814	-0.045194	-0.0467301	-0.0311633	-0.0794816	0.194558	-0.138388	-0.09754	-0.0272938	-0.039712	-0.0642018	0.270382	0.376854	-0.062861	-0.0434152	-0.0412388	0.298178	-0.143189	-0.135543	-0.0311048	-0.0125119	-0.00249214	0.251277	-0.0201992	-0.0232793	-0.0753232	0.157668	-0.0387886	-0.0205557	0.0622885	0.208462	-0.0767797	-0.108541	-0.0988909	-0.112384	-0.0425044	0.0418728	-0.0525837	-0.0244812	-0.0401857	-0.0138379	0.0964948	-0.028987	6.0176e-05	-0.0334132	-0.0311536	-0.0681907	0.0340429	-0.0314482	-0.0383105	-0.00938171	0.00624206	-0.057016	-0.0554531	-0.0301739	-0.0376075	-0.0256242	0.179305	0.0179888	0.0297622	0.0190166	0.0803304	0.0385734	-0.0654806	-0.0289884	-0.0803817	-0.0142953	-0.069352	-0.00724296	-0.0412156	-0.0067738	-0.0158113	-0.0499788	-0.031802	-0.0347746	-0.0268478	-0.0210999	-0.0100272	0.0154909	-0.0244275	-0.0419998	0.00272348	-0.0259179	-0.0281075	-0.0130944	-0.00812917	0.308016	-0.0352571	-0.0575685	-0.0218312	-0.0110775	0.0101337	-0.0017339	-0.0277507	-0.0142649	-0.0582906	0.000858983	-0.0103011	-0.0527277	0.0230333	-0.00777777	-0.0456319	0.0977215	-0.0181675	-0.0528058	-0.0505891	-0.041765	-0.0705134	-0.00274347	-0.00436786	-0.0436766	-0.0304482	-0.0464088	-0.0314562	-0.0211698	-0.0511702	-0.0138191	0.140913	-0.0476768	-0.0168028	-0.0393974	-0.00721598	-0.0461102	-0.0185836	0.00644111	-0.0267457	-0.0149245	0.130061	-0.00988956	-0.0402309	-0.019453	-0.0261539	0.000960371	-0.00815208	-0.0189413	-0.00741847	-0.07314	0.100158	-0.0535675	0.0121252	-0.0415254	-0.0162107	-0.031894	-0.0200215	-0.0142703	0.0234293	-0.0415775	-0.048104	0.0237869	-0.0397554
-0.0565843	0.385951	-0.0885387	-0.0867471	-0.048201	-0.0895739	-0.0740196	-0.0542876	1	-0.0908561	0.678377	0.426252	0.571591	0.372919	0.0937197	-0.0497043	-0.0150906	0.409647	-0.0324691	-0.045093	0.203942	-0.0371321	-0.0313455	-0.0363106	0.285857	-0.0536253	0.288267	0.474727	-0.0467326	0.213343	-0.0929397	-0.045145	0.341435	-0.0190312	-0.0623981	0.239559	0.176043	0.279502	-0.0415784	-0.0409384	-0.0590959	0.0157148	0.0949042	-0.0572717	-0.024825	-0.0507371	0.0536402	-0.158143	0.112456	-0.00986167	0.273699	-0.0417164	-0.071392	-0.016588	-0.0175015	-0.0108391	-0.0946038	0.206105	-0.0496573	-0.0783706	-0.0537045	0.00882154	-0.0370034	-0.042222	0.0504086	0.0185057	0.0444856	-0.0620641	-0.0497604	-0.0354049	-0.0508493	0.0253685	-0.041511	0.00642267	0.119679	0.0620896	-0.0441499	0.0689498	0.0471014	0.011011	-0.0213356	0.0798298	0.0537035	0.137301	0.131087	-0.0627543	-0.0308128	-0.0449277	0.016719	-0.0320542	-0.0492433	-0.00199767	-0.0302186	-0.048795	-0.0105918	0.0263882	0.116857	-0.0496695	0.0993415	-0.0454523	-0.0128145	0.155086	0.0153875	-0.0233268	-0.0245492	0.0265159	-0.0243891	-0.019774	0.0110376	-0.0743397	-0.0518327	-0.0417323	0.132071	-0.0158466	0.115976	-0.0146755	0.0761558	0.00731768	0.0969063	0.0471698	0.0433259	0.0111983	-0.027449	0.0972862	-0.0228085	0.00674813	-0.0087968	0.107874	0.00282916	-0.0249036	-0.029543	0.0429705	0.0502836	-0.034983	-0.0450663	-0.0361472	0.0199462	0.00374415	-0.0133048	-0.0190259	-0.104271	-0.0431345	-0.0226774	0.0281548	-0.0223795	-0.042651	0.109877	0.0501837	-0.0238815	-0.0443302	0.0910425	-0.0284131	-0.0827667	0.115179	-0.0211615	-0.0688924	-0.0248455	0.119465	0.17594	-0.0022365	0.140553	0.0015642	-0.0255319	-0.0284342	-0.0119346	-0.0271731	-0.0382389	0.101023	-0.0444955	-0.042207	-0.038674	-0.0208062	0.217698	-0.0347714	0.0169185	0.0124568	-0.0263073	0.00163224	0.0202809	-0.0410139
-0.0698217	-0.0514493	-0.102489	-0.0442178	-0.0449397	0.685116	0.83214	-0.0917555	-0.0908561	1	-0.0663	0.30148	-0.169315	0.0518016	-0.104638	-0.0705223	-0.0371104	-0.052458	-0.0599922	-0.10457	0.0227901	-0.0273562	0.310043	-0.0468494	-0.0624198	-0.0682164	-0.0343125	0.0606552	0.0400476	-0.0480472	-0.107171	-0.0464425	-0.05352	0.187338	-0.0257584	-0.0858764	-0.0520012	0.026188	-0.0366891	-0.0605473	0.661137	-0.110416	-0.0481321	-0.0908445	-0.0574733	-0.0668228	-0.0962791	-0.181245	0.279399	-0.056069	-0.028466	-0.0332847	0.0108755	-0.0183795	-0.0303784	0.049092	-0.121172	-0.0674049	-0.0671709	-0.0512904	-0.0917768	0.0701971	0.000130741	0.014836	0.242904	0.202483	0.148873	-0.0590337	-0.0397026	-0.0508448	-0.0325011	-0.121489	-0.0318816	-0.0843771	0.00824924	0.00753119	0.0534849	-0.101248	0.0139379	-0.0632075	-0.0090197	0.0763513	-0.0250285	-0.0675808	-0.0338635	-0.0785826	-0.0425276	-0.0654985	-0.0893372	0.126582	-0.0381767	-0.100237	0.119651	0.0111468	-0.023149	0.0287653	-0.0291849	-0.0186535	0.0247999	0.0689138	0.271549	-0.0271829	-0.0275102	0.342755	-0.0297065	-0.0398026	0.0102095	-0.0261531	0.106173	-0.0909322	-0.0638118	-0.0506991	-0.0516266	-0.0176483	0.0188168	-0.0161776	-0.0474741	-0.0717181	-0.0563126	-0.0445066	0.0131394	0.105077	-0.0352206	-0.0273919	-0.0281513	-0.103938	-0.0509021	0.0457963	-0.107433	0.125751	-0.0380544	-0.0542528	0.176892	-0.038788	-0.107645	-0.0720776	0.0837594	-0.133151	0.0133594	0.0394138	-0.113702	-0.0637346	0.289404	-0.0433337	0.02265	-0.0646643	-0.03252	-0.0147503	-0.0116766	-0.0607123	-0.0567347	-0.0238485	-0.112698	-0.0294356	-0.032714	-0.0570014	-0.0253116	-0.0418848	-0.0371704	-0.0891712	-0.0335618	-0.0302143	-0.041536	0.00550078	-0.0396812	-0.0116369	-0.0901255	0.14814	-0.0418639	-0.0345996	-0.0603953	-0.0299186	-0.0345292	-0.0189661	0.0149853	-0.0683847	-0.0272814	0.127244	-0.0740578	-0.054986
-0.0351501	0.580424	-0.0580881	0.0250414	-0.0229858	-0.0565573	-0.0513528	-0.0389452	0.678377	-0.0663	1	0.288104	0.386932	0.350755	-0.048236	-0.0493705	-0.0299805	0.219472	-0.0380396	-0.000969425	0.152306	-0.0193409	-0.0189256	-0.0153526	0.186302	-0.0253779	0.213032	0.372719	-0.0186069	0.163187	-0.0639931	-0.0260753	0.533649	-0.0106665	-0.0414379	0.156675	0.147732	0.21976	-0.0218043	-0.0313743	-0.0459236	-0.0332232	0.0132007	-0.0328727	0.00016142	-0.0413341	-0.00290106	-0.110413	0.117181	0.00691089	-0.0188006	-0.0244207	-0.0704508	-0.0206125	-0.0233686	-0.0175683	-0.075418	0.0982065	-0.0231269	-0.0732049	-0.0492659	-0.00595685	-0.0189931	-0.0418735	-0.0152136	-0.0202243	-0.0602521	-0.0527242	-0.033563	-0.0319275	-0.0308999	0.102449	-0.0259527	-0.0388981	-0.0279369	0.000570441	-0.0351364	0.0105026	0.00131634	0.0347629	-0.0103488	-0.0303146	0.0643827	-0.00341053	-0.0265302	-0.0552729	-0.0295123	-0.0344322	-0.0130101	-0.0226813	-0.0350728	0.02702	-0.0280317	-0.0399354	-0.0168104	-0.0302793	-0.0135301	-0.0715418	0.00736224	-0.0274481	0.00550523	-0.0279081	0.0162676	-0.0336063	-0.02512	0.0696866	-0.0181042	-0.0106234	-0.00815984	-0.0542227	-0.0448563	-0.0299209	0.0287093	-0.0204076	0.0191033	-0.00597869	-0.0188169	-0.0277621	0.034343	0.0811993	0.00966264	-0.00844286	-0.0189167	-0.0382014	-0.00437143	-0.019191	0.0280862	-0.0244	-0.0218608	-0.0263633	-0.0217471	0.0263686	0.0564912	-0.0172716	-0.0155194	-0.0368255	-0.0219167	0.000943246	-0.00871643	-0.0222075	-0.0908799	-0.0302382	-0.0233639	0.0540844	-0.0189233	-0.0367563	-0.00826869	-0.0303975	-0.0311247	-0.0263557	0.0405039	-0.0243222	-0.0435263	-0.003829	-0.00795711	-0.0558789	-0.0159628	0.033179	0.0812934	-0.00250966	0.0422741	0.0344461	-0.0220165	-0.0106446	0.0179019	-0.0160393	-0.0158322	0.0675284	-0.0419698	-0.027362	-0.0111432	-0.00172445	0.322098	-0.0209187	-0.00874167	0.00163326	-0.0179654	0.00602016	0.0151825	-0.0149527
0.295844	0.145312	-0.204918	-0.434888	-0.115902	0.287421	0.412732	-0.156747	0.426252	0.30148	0.288104	1	0.736065	0.57474	0.147211	-0.0942329	-0.0203948	0.160769	-0.0745313	-0.178717	0.433913	-0.0830419	0.145143	0.157712	0.440292	-0.129897	0.55507	0.292352	-0.0999312	0.390846	0.427014	-0.0775311	0.198901	-0.065244	-0.146012	0.312023	0.3822	0.0972426	-0.066664	-0.0871848	0.322887	0.224098	-0.0579997	-0.124252	-0.0660648	-0.104438	-0.120015	-0.389438	0.518479	-0.0465264	0.113618	0.0776922	-0.105458	-0.0587211	-0.0520831	-0.0945192	-0.169641	0.03822	-0.118765	-0.198845	-0.112952	-0.0670956	-0.136151	-0.13218	0.0382909	-0.03329	-0.00679041	-0.102631	-0.0601476	-0.0898613	-0.0835862	-0.18932	-0.0260845	-0.163154	0.0442941	0.0644538	-0.0867822	-0.0892751	0.00649517	-0.0729702	-0.0365736	0.0752	0.00251382	0.00583516	0.0404351	0.15566	-0.0798893	-0.113413	-0.143345	0.0717737	-0.0861696	-0.111175	0.0614071	-0.0944927	-0.049505	-0.0690746	0.0301907	0.0762391	0.0479089	-0.0180342	0.141107	0.055772	-0.0359405	0.176791	-0.0388696	0.0166469	-0.0563357	-0.0325395	0.0599328	0.140821	-0.0583741	0.00500982	0.0274409	-0.0179514	0.0568925	-0.0115721	-0.0265463	0.140756	-0.0138164	0.00242226	0.0220759	0.058825	0.0446672	0.0248087	-0.0366056	0.0336439	-0.0861162	0.0624167	0.0927737	0.0469576	0.0256514	-0.0709921	0.023168	-0.0588774	-0.0840122	-0.0617759	0.0104926	-0.0954825	-0.0197717	-0.00686777	0.0451921	-0.00308348	0.105129	-0.0258348	-0.0432201	0.1256	0.0237264	-0.0474448	-0.0191229	-0.105318	0.00077155	-0.0547036	-0.00378995	0.0337016	-0.0471018	0.0718696	-0.0541009	0.0272034	0.0649753	-0.041509	0.0376571	-0.0211749	-0.0223288	-0.0676925	-0.0418965	-0.0541834	-0.110308	0.0606037	-0.0153459	-0.105503	-0.0496847	-0.0144119	0.141034	-0.0584141	0.0203585	-0.0515491	-0.0218031	0.0207734	-0.0808289	-0.0504053
-0.108014	0.212357	-0.147943	-0.282759	-0.0957297	-0.172894	-0.139828	-0.109681	0.571591	-0.169315	0.386932	0.736065	1	0.747401	-0.030681	-0.0518642	0.00958776	0.224864	-0.0371136	-0.124696	0.579212	-0.0763665	-0.0569511	-0.0640071	0.49929	-0.0907431	0.650572	0.22035	-0.0899689	0.507648	0.604926	-0.0697687	0.161322	-0.0370678	-0.100932	0.392254	0.476948	0.0766309	-0.0582358	-0.0639607	-0.112777	0.321751	-0.070638	-0.0841607	-0.059687	-0.0566891	-0.105118	-0.259668	0.370133	-0.0403697	0.151605	-0.058076	-0.122881	-0.0464511	-0.0354339	-0.0700469	-0.125579	0.0927082	-0.0858504	-0.153911	-0.0872377	-0.0476225	-0.097895	-0.0996673	-0.0612026	-0.00354573	-0.101916	-0.0762203	-0.0403348	-0.0717344	-0.0719638	-0.131668	-0.0622436	-0.113051	0.036246	0.0676625	-0.048385	-0.06511	-0.00866271	-0.0522157	-0.0396599	0.0251002	0.00565725	0.0509592	0.0679281	0.272307	-0.06169	-0.0886083	-0.0865549	-0.0146157	-0.0706866	-0.0868099	-0.0156145	-0.0511166	-0.0317798	-0.00860476	0.0543521	0.193539	0.0357207	-0.0597642	-0.0334868	0.0998119	-0.0317941	-0.051583	-0.0211818	-0.00295751	-0.0444068	-0.0401962	-0.00705663	0.250421	-0.0190392	-0.0565858	0.0677715	-0.00445991	0.0523082	-0.0109902	0.00595637	0.235286	0.0189796	0.00520175	0.0235158	-0.00612952	-0.0432626	0.0543106	-0.0431847	0.121004	-0.070619	0.043592	0.197312	-0.0393232	-0.0450055	-0.0554662	-0.0807878	-0.0442152	-0.0554973	-0.0505954	0.0011995	-0.0554401	-0.0279747	-0.0316712	0.114719	-0.00145587	-0.0440171	0.0041513	-0.0403209	0.210749	0.0461065	-0.0293256	-0.0235618	-0.0874899	0.0232907	-0.0521264	0.0578474	0.055078	-0.0320546	0.145162	-0.0507349	0.0701875	0.113921	-0.0292248	0.06254	-0.0311341	-0.0352802	-0.0495499	-0.0460723	-0.0370325	-0.0831957	-0.0311029	-0.0517425	-0.0858439	-0.0202638	-0.00257223	0.102741	-0.0491271	0.0268592	0.00122016	-0.0257212	-0.00254961	-0.0551368	-0.0234176
-0.110526	0.205901	-0.158448	-0.141872	-0.0926565	-0.0776954	-0.0290857	-0.119724	0.372919	0.0518016	0.350755	0.57474	0.747401	1	-0.159401	-0.117605	-0.0747654	0.0292094	-0.105407	-0.162432	0.795024	-0.0793321	0.198507	-0.0717045	0.609476	-0.100581	0.809762	0.463991	-0.0976927	0.607915	0.590684	-0.0754409	0.238256	-0.045012	-0.151186	0.478518	0.580496	0.213713	-0.05526	-0.073135	-0.124771	0.316458	-0.0637675	-0.135892	-0.0729784	-0.112342	-0.134272	-0.316884	0.459719	-0.0637001	-0.0355373	-0.0582696	-0.0795195	-0.0531465	-0.0332587	0.0375032	-0.170385	-0.0351735	-0.0936739	-0.11585	-0.13653	0.0711883	-0.0263329	-0.0156469	0.027691	0.19974	-0.0867459	-0.0877063	-0.0447265	-0.0880236	-0.0765852	-0.113836	-0.0670372	-0.150629	-0.0544043	0.0788744	0.0472951	-0.116073	-0.0813585	-0.0642705	-0.0346182	-0.0598531	0.0057943	0.00528603	0.0917753	0.295668	-0.0635186	-0.0952201	-0.0497577	-0.057238	-0.0788979	-0.104501	-0.0502127	0.00362285	-0.0394727	0.0515297	-0.0336475	0.23405	0.0524974	-0.00575967	-0.0391985	0.104398	-0.0130865	-0.0760673	-0.0213377	-0.00888585	-0.0155855	-0.0435313	-0.00977889	0.247108	-0.0532528	-0.0668411	0.0931703	-0.00499467	0.0702756	-0.0317262	-0.0624212	0.258253	0.0518207	-0.0173676	0.0354603	-0.0063257	-0.0546975	0.0724586	-0.0537087	0.129261	-0.0714921	0.062345	0.196253	-0.0461822	-0.0565045	-0.0398096	-0.0728718	-0.0525284	-0.0673527	-0.0593855	0.0643062	-0.0588039	-7.04157e-05	0.00450063	0.0855563	-0.0293942	0.0366372	0.0065214	-0.0166079	0.241655	-0.0381067	-0.0917483	-0.0309075	-0.0807336	0.0400515	-0.0578285	0.0465208	-0.0283063	-0.0424914	0.128954	-0.055014	0.0715573	0.0991973	-0.0596693	0.0335785	-0.0240558	-0.0288821	-0.0506206	-0.0442963	-0.022206	-0.0998114	0.000955008	-0.0705921	-0.0807972	-0.0263075	-0.00823045	0.0938368	-0.0489391	0.0343423	0.000503468	-0.0325474	0.121073	-0.0533238	-0.0240471
0.546245	-0.0213764	-0.0832801	-0.0365613	-0.041054	-0.0992293	-0.0898769	-0.0708565	0.0937197	-0.104638	-0.048236	0.147211	-0.030681	-0.159401	1	-0.0676285	-0.0479912	0.386092	-0.0608754	-0.098289	-0.173021	-0.0363179	-0.0444908	0.440476	0.363674	-0.0686851	-0.0189329	0.0522094	-0.0426518	-0.0594049	-0.101315	-0.041845	0.121264	-0.0376015	-0.0897084	0.29919	-0.0946272	-0.0232919	-0.0302139	0.357756	-0.0741882	0.336814	0.486696	-0.0837712	-0.0495355	-0.0639346	0.377611	-0.240723	-0.106791	-0.0292115	0.276571	0.29459	-0.0687893	0.0682741	-0.0422074	0.000895338	-0.0774039	0.215718	-0.0439051	-0.0419936	-0.0366569	-0.00708891	-0.017511	-0.0158388	-0.0452323	-0.0573119	0.12532	-0.00612771	-0.0428175	0.0347674	-0.0414774	-0.0304293	0.0632119	0.0195241	0.0962083	-0.0207917	-0.0172446	0.00967481	0.0569467	0.00779135	-0.0124952	0.0964304	0.0412791	0.0505709	-0.016061	-0.0860284	-0.0414236	-0.0549555	-0.0272426	-0.0352398	-0.0318142	-0.00631992	-0.0372285	-0.0306847	-0.035911	-0.0580192	0.13567	-0.137453	-0.048137	-0.0457818	-0.0375146	-0.00977658	0.0381688	-0.0419189	-0.0200472	0.043064	-0.0299525	-0.00253083	-0.0277669	-0.0930121	-0.008309	0.216026	-0.0397218	-0.026936	-0.0502324	-0.0117004	0.068027	-0.105669	0.00168154	0.00780304	-0.00693482	-0.0251865	0.227215	-0.00384681	-0.00261365	-0.0791773	-0.0637176	-0.0195339	-0.0920617	-0.0164098	0.265443	-0.0166514	0.031976	-0.0246782	0.0585375	0.0187791	-0.0624871	0.0210548	-0.0162323	-0.0116661	-0.0347358	0.0678525	-0.0710395	-0.0180367	-0.0304832	-0.0648055	0.119302	0.136242	0.0413649	0.00888751	-0.0306434	-0.0212107	-0.0123016	0.145825	-0.0330192	-0.085809	0.00333716	-0.0193627	-0.0214056	0.116766	0.137503	0.000370686	0.0812935	-0.0277436	-0.0159846	-0.031989	0.0616745	0.0112564	0.122687	-0.0592612	-0.0177272	-0.0113168	0.112931	-0.0446626	-0.0232411	-0.0305282	0.0160789	-0.0536037	0.046513	-0.0201322
-0.0455856	0.0558232	-0.0547949	-0.0950787	-0.0363948	-0.0642289	-0.0512887	-0.0530624	-0.0497043	-0.0705223	-0.0493705	-0.0942329	-0.0518642	-0.117605	-0.0676285	1	0.656535	-0.0396498	0.663649	-0.0622153	0.166442	-0.0259927	-0.0291696	-0.0451846	0.231143	-0.0305388	-0.115207	-0.0718492	-0.0536751	0.137253	-0.0745521	-0.0411029	-0.046317	-0.0239551	0.37395	0.174188	0.140185	0.224881	-0.0269235	-0.0306461	-0.0440453	-0.0130033	0.0453215	0.41669	-0.0294164	0.573673	0.294082	-0.139754	-0.134458	-0.018212	-0.0200634	-0.0221353	0.216452	-0.0183446	-0.0237543	-0.0246788	0.131894	-0.0368105	-0.0324269	0.085984	0.209141	-0.0223164	-0.0706103	-0.062284	-0.04271	-0.0251839	0.0759494	-0.060607	-0.0378603	-0.0404737	-0.0301241	0.0389516	0.230371	0.0557326	0.0198478	0.00335035	-0.0549426	0.108558	-0.0249439	-0.0195576	-0.0180502	-0.0121329	-0.0302771	0.011362	0.0412042	-0.0519279	-0.0449895	-0.0384076	0.0806938	-0.0127086	-0.0270842	0.117389	-0.00945199	-0.0518629	-0.0204504	-0.0368605	0.00424225	-0.0712796	0.0176326	-0.00559462	-0.0119621	0.00432119	0.00103954	-0.0116435	-0.0273074	0.185169	-0.0260511	-0.0187906	-0.0140867	-0.0496509	-0.046496	-0.0121204	0.0254402	-0.0259155	0.0129609	-0.00975291	-0.0140483	-0.0255354	0.0168781	0.155444	0.00140212	-0.0141019	-0.0249426	0.0533801	-0.0176985	0.0562326	0.0347317	0.0542254	0.106611	-0.0123649	-0.0132179	0.0833933	-0.0673867	-0.0211607	-0.0324785	0.0597769	-0.0496495	0.0390197	-0.00472427	0.0100349	-0.00784889	-0.0407056	-0.0358311	0.0683971	-0.00903122	-0.0422801	0.0176527	-0.0137657	-0.00146474	-0.0312475	0.121562	-0.00836974	0.00646287	-0.0061345	-0.0141884	0.026368	-0.0181906	0.0400212	0.0789101	-0.0241166	-0.00415217	0.0977749	0.0129353	-0.0334673	0.0740468	-0.00163652	-0.00605758	-0.015736	-0.0198702	-0.0585799	0.0212945	-0.00417001	-0.0260657	-0.0246083	-0.00247994	0.053873	0.0109489	-0.0365272	-0.0120526	0.0224217
-0.0321746	-0.0257051	-0.0366195	-0.0873122	-0.0171554	-0.0309208	-0.0242773	-0.0345158	-0.0150906	-0.0371104	-0.0299805	-0.0203948	0.00958776	-0.0747654	-0.0479912	0.656535	1	-0.0230907	0.687252	-0.0381725	0.218937	-0.0137731	-0.0159871	-0.0273888	0.163792	-0.0112496	-0.0795162	-0.0562955	-0.0400199	0.193658	-0.0449529	-0.0311724	-0.0435935	-0.0154484	0.407737	0.120455	0.192482	0.261507	-0.0195028	-0.0172745	-0.0178917	-0.0949012	-0.0724612	0.447241	-0.0246923	0.606559	0.207718	-0.106217	-0.0876348	-0.01229	-0.0239498	-0.0107561	0.307567	-0.00441909	-0.00348052	-0.0393913	0.203312	-0.029688	-0.0249613	0.13843	0.28426	-0.0417233	-0.0636592	-0.0623259	-0.0599157	-0.00154143	0.132055	-0.042463	-0.0298249	-0.0232059	-0.0216252	0.0919074	0.356381	0.0833302	-0.0112158	-0.0040012	-0.0292069	0.118902	-0.0210421	-0.0404248	-0.0145226	-0.010937	-0.0394642	-0.00804312	0.0175518	-0.0434607	-0.0289792	-0.0336241	0.104729	-0.000111548	-0.0137679	0.138768	0.000412891	-0.0284772	-0.0103559	-0.0307944	-0.00910572	-0.0567213	0.0035632	0.0194926	-0.00684225	0.021061	-0.0307419	0.0144899	-0.0267535	0.281473	-0.0205068	-0.0138572	-0.00056508	-0.0436434	-0.0253738	-0.0315644	-8.10572e-05	-0.00937727	0.000232572	-0.00503792	-0.0087311	-0.0424058	-0.0229998	0.163952	0.004615	0.000658873	-0.0207947	0.0108389	-0.0111018	0.00143552	0.0815173	-0.00771424	0.0342464	0.00345466	-0.0110407	0.106497	-0.031453	-0.0198194	0.00618488	0.0850601	-0.0212756	0.0713257	0.00785828	0.015253	-0.0525928	-0.0207534	0.01304	0.119636	-0.0193018	-0.0248244	-0.00304923	-0.0220436	-0.0114678	-0.0384581	0.109503	-0.00462967	-0.0268893	0.000605614	-0.0149888	-0.0277067	-0.0103005	0.0244574	0.0507377	-0.000861778	-0.00188423	0.0787514	-0.01225	-0.0234686	0.0528988	-0.00449436	0.0198984	0.00185553	-0.027739	-0.0391166	0.0285958	0.0126721	-0.0237107	-0.0177981	0.00125279	0.0808377	0.00203979	-0.0115801	0.00310137	0.030632
-0.0226084	-0.00744656	-0.049265	-0.107117	-0.037512	-0.0564614	-0.0406562	-0.0311438	0.409647	-0.052458	0.219472	0.160769	0.224864	0.0292094	0.386092	-0.0396498	-0.0230907	1	-0.0361522	-0.0458693	-0.106771	-0.0247016	-0.0207049	-0.0129458	0.207258	-0.0408857	-0.037495	-0.034152	-0.0366146	-0.0603295	-0.0372173	-0.0306323	-0.0290442	-0.0234356	-0.0589615	0.165326	-0.113796	-0.0837689	-0.0278942	-0.0136075	-0.0318519	0.239492	0.324867	-0.0509067	-0.029095	-0.0401063	0.256799	-0.135951	-0.10296	-0.00793103	0.500373	-0.0289632	-0.053001	-0.0198499	-0.0311697	-0.00691951	-0.0844307	0.486638	-0.0390046	-0.071263	-0.0575688	0.00751081	-0.0336114	-0.0332274	-0.0106221	-0.020603	0.143611	-0.0483423	-0.0412867	-0.0264246	-0.04026	-0.0561282	-0.0206639	0.0745239	0.194832	-0.0115047	-0.0302544	0.0549135	0.111274	0.0634343	-0.0100526	0.210668	0.0943964	0.0896423	-0.0239116	-0.0351135	-0.0322897	-0.0488275	-0.0198298	-0.025017	-0.0312872	0.0104371	-0.0270177	-0.031835	-0.0182231	-0.0510292	0.263802	-0.0788182	-0.0397438	-0.0281429	-0.00465084	-0.0183833	0.0379248	0.0108269	-0.0183825	0.0677728	-0.0223038	-0.0139767	-0.00240625	-0.043938	-0.0133867	-0.0332528	-0.0316275	-0.0294779	-0.0303333	-0.0210629	0.131659	-0.0457256	0.00898343	0.0537553	0.021983	0.00118166	-0.0175259	-0.0260564	-0.0147414	0.0107373	-0.0102159	-0.0100451	-0.026972	-0.0106113	-0.0184279	9.24718e-05	0.0519433	-0.0332168	-0.0124025	0.0144539	-0.00572827	-0.010027	-0.0109673	-0.00590355	-0.0576229	-0.0140581	0.0133658	-0.0287939	-0.0207677	-0.0159914	0.24216	0.134488	-0.0175512	0.0125365	0.00374877	-0.0232079	-0.0471115	0.227061	-0.0244358	-0.0502172	0.00958788	0.0287537	0.0657074	0.0507925	0.250042	-0.0143949	-0.0240351	-0.0188452	-0.025304	-0.0205187	0.00963638	0.0366322	-0.0332056	-0.0454067	-0.0243284	-0.00937847	-0.0112053	-0.0297427	0.00595268	-0.00493634	-0.0132551	0.0235144	-0.0105088	-0.0245553
-0.0387742	0.0691383	-0.049405	-0.0863989	-0.0287605	-0.0543842	-0.0439346	-0.0517375	-0.0324691	-0.0599922	-0.0380396	-0.0745313	-0.0371136	-0.105407	-0.0608754	0.663649	0.687252	-0.0361522	1	-0.0677202	0.321722	-0.0266594	-0.0194417	-0.0357726	0.245765	-0.0196607	-0.102742	-0.0654249	-0.0492454	0.28855	-0.0691267	-0.0395992	-0.0363388	-0.0235909	0.579997	0.185629	0.288378	0.38813	-0.0241772	-0.015888	-0.0334944	-0.136541	-0.104442	0.530781	-0.0361646	0.722009	0.232097	-0.0940957	-0.12171	-0.0197564	-0.0241184	-0.0192217	0.294609	-0.0106431	-0.0185585	-0.0540885	0.192166	-0.0258143	-0.0297041	0.118885	0.272507	-0.0564062	-0.0825097	-0.0781931	-0.0513585	-0.0143112	0.158751	-0.0435864	-0.0274252	-0.0285618	-0.0242307	0.0795754	0.264913	0.0892342	0.0218339	-0.0125892	-0.0368707	0.129968	-0.0273996	-0.0430947	-0.0160303	-0.000828831	-0.033054	0.0208248	0.0609452	-0.0664843	-0.0315066	-0.0399912	0.112142	-0.0166885	-0.0213883	0.138837	-0.0166516	-0.0462735	-0.0113691	-0.0230018	0.0183772	-0.0659616	0.0232618	3.74248e-05	-0.00659927	0.0125568	-0.0301865	0.00031398	-0.0318615	0.205834	-0.0233613	-0.0188069	-0.0218619	-0.0576412	-0.0390839	-0.0268281	0.0299256	-0.00984277	0.0104607	-0.00895297	-0.0101448	-0.0504284	-0.00604832	0.204317	-0.0122876	-0.0203677	-0.0263858	0.0580506	-0.0123633	0.0204178	0.0768063	0.0587128	0.0535672	-0.0126356	-0.0130008	0.126715	-0.027779	-0.0175382	-0.0155487	0.0878454	-0.0302613	0.0799393	-0.00113158	0.0127301	-0.0773474	-0.0358377	0.0291553	0.0792215	0.00400656	-0.0377373	-0.00974852	-0.0346674	0.00221437	-0.0311639	0.162033	-0.0059073	-0.0557259	-0.012244	-0.00688432	-0.0517879	-0.0283377	0.0421706	0.0828692	-0.0233334	-0.0134767	0.151127	-0.0126128	-0.0323407	0.122047	0.0897399	0.0251414	0.015824	-0.019715	-0.0420338	0.0553093	-0.00282649	-0.0188534	-0.0155226	-0.0115107	0.0923663	0.00708234	-0.0233698	-0.00620096	0.0562293
-0.0511616	-0.0496986	0.744345	-0.139022	-0.0535242	-0.102448	-0.083467	-0.0641668	-0.045093	-0.10457	-0.000969425	-0.178717	-0.124696	-0.162432	-0.098289	-0.0622153	-0.0381725	-0.0458693	-0.0677202	1	-0.211248	-0.0418284	-0.042653	-0.0506095	-0.264639	-0.0589494	-0.178527	-0.10803	-0.0756833	-0.238308	-0.120854	-0.060069	-0.0588214	-0.0331126	-0.115416	-0.328495	-0.226285	-0.166407	-0.0361994	-0.0314329	-0.0789351	-0.202137	-0.145899	-0.0985086	-0.0588001	-0.0785719	-0.188389	0.317913	-0.148844	-0.0456564	-0.0148518	-0.0347226	-0.0061013	-0.0429611	-0.0418195	-0.0301154	0.176717	0.00934079	-0.0453982	0.114754	0.00926811	-0.0225802	0.140859	0.124307	-0.0420405	-0.0438322	-0.073582	0.206537	-0.0314554	0.232395	-0.0196789	0.105805	-0.0356423	0.115896	-0.045947	-0.0278929	0.199832	-0.0144847	-0.00105413	-0.00772468	-0.0242216	-0.0316807	-0.036855	-0.0140176	-0.0310065	0.0170898	-0.0222993	-0.0493449	0.108037	-0.0226659	-0.0285289	0.0111304	-0.0205823	0.172963	-0.00600489	0.115912	-0.0177636	0.0943523	-0.0354933	0.049799	-0.0369335	-0.0217267	0.0329015	-0.053985	-0.0201247	-0.0458453	-0.0335917	0.155885	-0.0284323	0.0173174	0.138359	-0.0403759	-0.0215121	-0.0409399	-0.0393597	-0.0258241	-0.0394636	0.0303273	0.00778879	0.0422171	-0.0202182	-0.030648	-0.0310836	-0.0262374	0.236552	0.00480712	-0.00582634	-0.0417286	0.0227761	-0.0174654	-0.0443701	-0.0025865	-0.0776857	-0.0256551	0.0498668	0.030485	0.0392002	0.0665347	0.0676972	0.00324559	0.0673552	0.0793068	-0.0148359	0.0190538	-0.0273665	-0.00621788	0.00403543	-0.0423525	-0.042528	-0.015427	-0.0580179	-0.0217735	0.000310504	-0.0147229	-0.0286176	0.0133142	-0.0241499	-0.038347	-0.0220181	0.0177676	-0.024316	-0.0437619	-0.00938805	0.106969	-0.0520566	-0.0263402	0.0150736	-0.0387158	-0.0269647	0.012226	0.033129	0.173818	-0.0488039	-0.0224722	-0.0259942	0.0317888	-0.0247809	0.0266959	-0.0108583	0.0331992
-0.0906671	0.199597	-0.161303	-0.174232	0.0600194	-0.00631144	-0.0510016	-0.134339	0.203942	0.0227901	0.152306	0.433913	0.579212	0.795024	-0.173021	0.166442	0.218937	-0.106771	0.321722	-0.211248	1	0.118065	0.192136	-0.0851993	0.681648	-0.114513	0.75773	0.427238	-0.135033	0.724249	0.550292	-0.10094	0.197545	-0.0565666	0.0824911	0.520804	0.701149	0.374284	-0.0609928	-0.0868393	-0.136895	0.252512	-0.119744	0.0805847	-0.107012	0.196216	-0.079413	-0.380916	0.472643	-0.0834962	-0.0511554	-0.059655	0.0486445	-0.0610657	-0.0390609	-0.000411483	-0.0289357	-0.103025	-0.100337	-0.0266642	-0.0237234	0.0282088	-0.0266003	-0.00401343	-0.0185395	0.20016	-0.00614731	-0.0330724	0.0852351	-0.10021	0.0737351	-0.129627	0.0508823	-0.105341	-0.0379185	0.0742869	0.0276841	-0.0953202	-0.10165	-0.0652111	-0.03218	-0.0633403	-0.0699661	0.0143772	0.130345	0.258652	-0.0702132	-0.114358	-0.0346765	-0.0657557	0.058706	-0.0877095	-0.0602061	-0.0181445	-0.0543994	0.0457661	-0.0300108	0.250321	0.0746597	-0.0105135	-0.0399773	0.11373	-0.0622729	-0.0759486	-0.0338037	0.0365264	-0.0256032	-0.0521967	-0.0186856	0.276475	-0.0798093	-0.0796589	0.111228	-0.0141869	0.0816893	-0.036109	-0.0712667	0.280185	0.0226832	0.032421	0.0311474	-0.015003	-0.0610751	0.108228	-0.0546716	0.149298	-0.0631171	0.0953893	0.256701	-0.0503535	-0.0604745	-0.0181509	-0.097132	-0.0533491	-0.0982189	-0.0335324	0.0470679	-0.0572966	0.000675097	0.0132222	0.0961908	-0.0501621	0.0414087	0.0229142	-0.0147103	0.220456	-0.049755	-0.109235	-0.0378286	-0.108805	0.0887565	0.0923921	0.0499915	-0.0394555	-0.0449324	0.159228	-0.0593569	0.0664103	0.0877984	-0.0928994	0.00271172	0.0311928	-0.0355638	-0.0588382	0.00403909	0.0128068	-0.108396	-0.0188039	-0.0746156	-0.102644	-0.0108965	-0.0116762	0.0738952	-0.0473136	0.0331516	0.0222366	-0.0324554	0.0913983	-0.0830807	-0.00826223
