1	-0.0371407	-0.0482818	-0.035308	-0.0169898	-0.0244315	0.216703	-0.0500785	-0.0473835	-0.0533634	0.269244	-0.0209743	-0.0529111	-0.0222717	-0.0271232	-0.0309204	-0.0272783	-0.144523	-0.0315131	-0.0347853	-0.0765679	-0.018367	-0.0409837	-0.0240069	-0.0807785	0.185003	-0.0142558	-0.0221842	-0.0152476	-0.0507638	-0.0241797	-0.0253813	0.225296	-0.055447	-0.123596	-0.0265886	-0.0186499	0.18488	-0.145805	-0.119435	-0.0138137	-0.0116194	-0.0108432	-0.0243018	-0.033508	-0.073852	-0.0514519	-0.1107	0.020394	-0.0186444	-0.014795	-0.0045061	0.112732	-0.123671	-0.00929959	-0.0234621	-0.00729751	-0.022835	-0.0223214	-0.0149613	0.664814	0.00651353	-0.0291964	-0.0244875	-0.0244039	0.17868	-0.0182973	0.0417493	-0.0446435	-0.0251423	-0.0175249	-0.0220351	-0.0278979	0.133941	-0.021134	-0.0247152	-0.0236148	-0.032942	-0.0263143	-0.0234905	-0.0248783	-0.035478	-0.0230846	-0.0385264	-0.0397561	-0.00488999	-0.0345246	-0.0114804	-0.050536	0.224571	0.19286
-0.0371407	1	0.807295	-0.0426661	-0.0316829	-0.0306283	0.357462	-0.0778075	-0.0621319	-0.108496	-0.150568	-0.0621131	-0.0875942	-0.0434273	-0.0255101	-0.0331011	-0.0300106	-0.223538	-0.042048	-0.0391963	-0.143197	-0.0294744	-0.0712191	-0.0780735	0.437306	0.303383	-0.0322609	-0.0348582	-0.0236683	-0.082234	-0.03015	-0.0350291	0.365657	-0.0812153	-0.194187	-0.0377877	-0.0319324	0.30798	-0.224072	-0.187995	-0.0360098	-0.0330031	-0.0172681	-0.0361423	-0.0563673	-0.113253	-0.0805191	-0.156056	-0.0464191	-0.0213379	-0.0226932	-0.0301329	0.251728	-0.214261	-0.0539883	-0.032064	-0.026507	-0.0395033	-0.0321428	-0.0348113	-0.0286174	-0.0020021	-0.0465089	-0.0524638	-0.0336095	-0.0314679	-0.0177399	-0.0438932	-0.070894	-0.0235818	-0.0369223	-0.0325254	-0.0340107	0.214306	-0.0288524	-0.0239769	-0.0419746	-0.0419108	-0.0280668	-0.0252549	-0.044266	-0.0705804	-0.0582242	-0.0477744	-0.0588095	-0.0297364	-0.0453879	-0.0441708	-0.0751079	0.545762	0.316036
-0.0482818	0.807295	1	-0.057957	-0.0427944	-0.0415983	0.412911	-0.095538	-0.0754185	-0.134461	-0.190458	-0.0821553	-0.111071	-0.044582	-0.0353492	-0.0426251	-0.0352227	-0.280875	-0.0518091	-0.0435622	-0.173727	-0.0313023	-0.0805973	-0.10222	0.537726	0.377894	-0.0407445	-0.0188421	-0.0221125	-0.0971401	-0.0377374	-0.0492343	0.453683	-0.0980073	-0.241558	-0.0417713	-0.0378254	0.379755	-0.270752	-0.2266	-0.0374273	-0.00889063	-0.0336325	-0.0526918	-0.0702889	-0.137639	-0.088852	-0.176506	-0.0668456	-0.0233941	-0.0296331	-0.042577	0.293878	-0.248143	-0.0762072	-0.03313	-0.0257721	-0.0469418	-0.0348579	-0.040485	-0.034054	-0.00336121	-0.0492488	-0.0510666	-0.0494518	-0.0410039	-0.0230094	-0.0473578	-0.0880429	-0.0328034	-0.0541686	-0.043076	0.351735	0.250809	-0.0353608	-0.0383022	-0.0554958	-0.0538526	-0.0388551	-0.0297958	-0.0650443	-0.0924669	-0.0770373	-0.0535731	-0.078156	0.0132987	-0.0691816	-0.0568822	-0.108673	0.643267	0.377822
-0.035308	-0.0426661	-0.057957	1	-0.0134214	-0.0269861	-0.135522	-0.063933	-0.0582322	-0.0821704	0.200314	-0.0566754	-0.0578875	-0.0250279	-0.0199546	-0.0357501	-0.0348863	0.210785	-0.036119	0.694592	-0.109339	-0.0238497	-0.0542233	-0.0583498	-0.106895	-0.150777	-0.0254821	-0.0322998	-0.0252329	-0.0646312	-0.0123219	-0.0394953	-0.1221	-0.0628389	0.241928	-0.0234685	-0.0238593	-0.153048	0.204562	0.245544	-0.0389684	-0.0115641	-0.0150592	-0.0375171	-0.00833957	-0.0824162	-0.0530801	0.242633	0.748722	-0.0113192	-0.0260277	-0.00810535	-0.151943	0.183005	-0.0433167	-0.0287393	-0.0143997	-0.0287855	-0.0146769	-0.0219647	-0.0400749	-0.00926034	-0.0432521	-0.0351312	-0.0252856	-0.0278299	-0.0231778	0.495365	-0.0289342	-0.0189142	0.29823	-0.0372683	-0.00405249	-0.152742	-0.0183989	-0.0359241	-0.0237787	-0.0403419	-0.0258576	-0.0264102	-0.0251135	0.276587	-0.058183	-0.00011965	0.1215	-0.0302889	0.184905	-0.0476136	0.0672278	-0.051769	-0.0926417
-0.0169898	-0.0316829	-0.0427944	-0.0134214	1	-0.0179151	-0.080653	-0.0255295	-0.0318183	0.294927	-0.0602056	-0.0261683	-0.0438023	-0.0181082	-0.0125958	-0.0270052	-0.0283063	-0.113973	-0.0225223	-0.0196149	0.223617	-0.0101322	-0.0417923	0.41194	0.217076	-0.0999183	-0.00972343	-0.0221154	-0.00742898	-0.0268404	-0.0184219	-0.0246282	-0.0805508	-0.0413395	-0.0953702	-0.00920799	-0.000222113	-0.0981	-0.111624	-0.0918201	-0.0302715	-0.0125827	-0.00560302	-0.0125541	-0.0309738	0.243864	0.335355	0.169139	-0.0105725	-0.00219364	-0.0141679	0.758109	-0.0705873	0.0892268	-0.0203617	-0.00724814	-0.0197318	-0.0316057	-0.0272941	-0.0191454	-0.00893508	-0.00989625	-0.0185427	-0.0348248	-0.0187193	-0.0249067	-0.00606387	-0.0114191	-0.0273231	-0.0107777	-0.0042436	-0.0118213	-0.0231264	-0.105272	-0.00224354	-0.00898304	0.0129876	0.0408144	0.00367472	-0.0189111	0.429455	-0.00129691	-0.0268924	-0.0317952	-0.0289134	-0.0219805	-0.0186166	-0.0170683	0.253014	-0.0437141	-0.0705397
-0.0244315	-0.0306283	-0.0415983	-0.0269861	-0.0179151	1	-0.110014	-0.0335135	-0.0376096	-0.0385741	-0.0944456	-0.0369779	0.395204	-0.01835	-0.0252356	-0.0320164	-0.0219657	0.138965	-0.0324967	-0.00541317	-0.0519155	-0.0119592	-0.0350002	-0.0402607	-0.0567624	-0.116427	-0.0151772	-0.00907711	0.00330238	-0.0378034	-0.010767	-0.0270402	-0.104941	-0.0302528	0.160072	-0.017109	-0.0222855	-0.122339	0.147745	0.167956	-0.0247118	-0.0146751	-0.0111715	-0.028693	0.627234	-0.0384393	-0.0218141	-0.080766	-0.0221347	-0.010909	-0.0118113	-0.0114537	-0.108867	0.132975	-0.0323667	-0.0240886	-0.0139038	-0.0217769	-0.0180928	-0.0104654	-0.00498859	-0.0223648	-0.0135767	-0.0370865	-0.0211625	-0.0208843	-0.0151868	-0.00617923	0.342033	-0.00484339	-0.0257952	-0.0140471	-0.00633229	-0.101661	-0.00798048	-0.00797616	-0.0262779	-0.0154145	-0.0172561	-0.0205001	-0.0228068	-0.0408832	-0.0371501	0.0277573	-0.0342735	-0.0201476	-0.0258151	-0.0267231	-0.0449069	-0.023056	-0.0668437
0.216703	0.357462	0.412911	-0.135522	-0.080653	-0.110014	1	-0.223765	-0.189943	-0.281543	0.69674	-0.149704	-0.251871	0.241407	0.149942	-0.122259	-0.0931247	-0.563903	0.133748	-0.0981389	-0.366753	0.157783	-0.168036	-0.183596	0.0430202	0.767299	-0.0783119	0.148161	-0.0695409	-0.224224	0.14913	0.236953	0.920143	-0.208354	-0.466616	-0.0817402	0.0153346	0.746648	-0.542654	-0.438834	-0.0859187	0.17601	-0.0640514	0.245249	-0.106284	-0.298299	-0.166949	-0.330772	-0.115257	-0.0635839	-0.0456198	-0.0454638	0.354492	-0.377697	0.0339807	0.150032	-0.0569956	-0.123634	-0.0910895	0.0618324	0.161362	0.102339	-0.0777446	0.190581	0.192583	-0.0105582	-0.0595407	-0.0614301	-0.131139	-0.0799971	-0.0794758	-0.0715908	0.151853	0.367878	-0.0630256	-0.0607637	0.160053	-0.12486	0.123442	-0.071811	0.131363	-0.16567	0.00487196	-0.0996422	-0.15259	-0.0354917	-0.124428	-0.094181	-0.0414522	0.322687	0.516814
-0.0500785	-0.0778075	-0.095538	-0.063933	-0.0255295	-0.0335135	-0.223765	1	-0.0718757	-0.129469	-0.185665	-0.0606732	-0.0896258	-0.0518085	-0.0260057	-0.0444937	-0.0508575	0.336576	-0.0584039	-0.0445298	-0.170134	-0.0352587	-0.0754526	-0.081348	-0.167483	-0.254559	-0.0237728	-0.0484866	-0.0295042	0.946587	-0.0539995	-0.0663262	-0.211825	-0.101107	0.381384	-0.0461996	-0.0379786	-0.226277	0.30474	0.368066	-0.0339347	-0.0354168	-0.0327323	-0.0594213	-0.0353549	-0.136772	-0.0925949	-0.122146	-0.0596708	-0.0177896	0.00137835	-0.0347485	-0.207585	0.246543	-0.0183893	-0.0422408	-0.0332932	-0.0317574	-0.0584932	0.0609023	-0.0345002	0.0550075	-0.0346183	0.02051	-0.0556471	-0.0481358	-0.0329653	-0.0232439	-0.0516042	-0.0225521	0.0833641	-0.0257193	-0.0410287	-0.175926	0.121664	-0.00403177	-0.0262251	-0.0649607	-0.0140259	-0.0360892	-0.0645502	-0.112991	-0.0139291	-0.055051	0.00944224	0.220068	0.0484836	-0.0357186	-0.0461686	-0.101502	-0.134499
-0.0473835	-0.0621319	-0.0754185	-0.0582322	-0.0318183	-0.0376096	-0.189943	-0.0718757	1	-0.118959	-0.172053	-0.0582047	-0.092221	-0.0415819	-0.0191443	0.642245	-0.0343654	0.30259	-0.0422919	-0.046923	-0.15398	-0.0254112	-0.0677309	-0.0735471	-0.147962	-0.224606	0.370136	-0.0317634	-0.0372016	-0.0739184	-0.047393	-0.0492765	-0.183706	0.0753817	-0.119359	0.28812	0.305657	0.216755	-0.133076	-0.190886	-0.0466852	-0.0313532	-0.0158036	-0.0490646	-0.0398635	-0.00626746	-0.0136568	-0.111353	-0.0561053	0.343841	0.258366	-0.0415982	0.180705	-0.23066	-0.0537238	0.00309512	-0.0257128	-0.0553354	-0.0400625	0.00954097	-0.0432746	-0.0159671	-0.0316608	-0.0223911	-0.0379065	-0.0492573	-0.0335886	-0.0466362	-0.0700522	-0.0181937	-0.0390497	-0.0348994	-0.0330297	0.237174	-0.0280098	0.189837	-0.03684	-0.037732	-0.0211106	-0.0240711	-0.0613356	-0.0873325	0.0511938	-0.032785	-0.0661882	-0.013655	-0.0442933	-0.0304796	-0.0980481	-0.0946346	-0.142566
-0.0533634	-0.108496	-0.134461	-0.0821704	0.294927	-0.0385741	-0.281543	-0.129469	-0.118959	1	-0.232226	0.542022	-0.139815	-0.0762879	-0.0468287	-0.0693536	-0.0565271	-0.395489	-0.0670698	-0.0642685	0.772792	-0.0440336	-0.0853333	0.687706	0.70322	-0.301264	-0.0432081	-0.0602013	0.235638	-0.131227	-0.0411151	-0.0614628	-0.272735	-0.0877548	-0.328504	0.0294795	-0.0528349	-0.330651	-0.345884	-0.289029	-0.0780851	-0.0500815	0.243125	-0.0670211	-0.0753164	0.479863	0.627748	0.346272	-0.0604905	-0.0188191	-0.0432634	0.250688	0.0992693	-0.208516	0.243407	-0.0454492	-0.0469451	-0.084915	-0.0705474	-0.0462009	-0.0368145	-0.0394899	0.270015	-0.0909584	-0.0517513	-0.0594675	-0.00665501	-0.0488343	-0.122361	-0.0490624	-0.0227644	0.239718	-0.0594135	-0.0419224	-0.0337071	-0.0456081	-0.0307703	0.438075	-0.0340192	-0.041995	0.104904	0.226526	0.180535	-0.0919615	-0.0801307	-0.047131	-0.0608532	0.357243	0.00138392	-0.141865	-0.21776
0.269244	-0.150568	-0.190458	0.200314	-0.0602056	-0.0944456	0.69674	-0.185665	-0.172053	-0.232226	1	-0.123735	-0.205854	0.286291	0.182284	-0.11329	-0.0807041	-0.407033	-0.0749881	0.155563	-0.3016	0.188065	-0.133404	-0.14387	-0.31871	0.575524	-0.0634522	0.171009	-0.0653657	-0.185597	0.184531	0.282698	0.69331	-0.172556	-0.314363	-0.0711828	0.0298003	0.541847	-0.379161	-0.289197	-0.0690806	0.193709	-0.050936	0.297489	-0.0978467	-0.248922	-0.132856	-0.183185	0.170254	-0.0687929	-0.0351679	-0.0230835	0.170327	-0.212972	0.070381	0.182514	-0.0479764	-0.106415	-0.0738899	0.0896366	0.197054	0.104089	-0.0597235	0.245155	0.235077	0.00307142	-0.0575891	0.164342	-0.103263	-0.0657068	0.0904509	-0.0547461	-0.0763755	0.206549	-0.0443408	-0.047821	0.210339	-0.109326	0.155267	-0.0618479	0.181602	-0.08054	0.0382633	-0.0700248	-0.0447989	-0.055875	0.00543145	-0.079462	0.0736939	-0.0709078	0.307387
-0.0209743	-0.0621131	-0.0821553	-0.0566754	-0.0261683	-0.0369779	-0.149704	-0.0606732	-0.0582047	0.542022	-0.123735	1	-0.0758117	-0.0350617	-0.0316972	-0.0323125	-0.0275369	-0.209089	-0.0360721	-0.0480519	0.415188	-0.0246192	-0.0568881	0.756488	0.391164	-0.173748	-0.0225684	-0.0173844	-0.023806	-0.0612658	-0.0223447	-0.0316408	-0.14275	-0.0741888	-0.177296	-0.0313173	-0.031577	-0.172623	-0.203993	-0.168827	-0.0404819	-0.0122355	0.0211626	-0.0371572	-0.0391502	-0.0536226	-0.0351086	-0.0189298	-0.0507194	-0.0262347	-0.0280614	-0.0265357	-0.129858	-0.107943	0.502204	-0.0193855	-0.0291353	-0.0505631	-0.0310839	-0.0150169	-0.0118482	-0.0219663	-0.0275389	-0.0401849	-0.0314927	-0.030232	-0.0198988	-0.046511	-0.0655718	-0.0310657	0.00327678	0.375681	-0.038589	0.0676821	-0.0282157	-0.0234787	-0.0338319	0.0318475	-0.0168968	-0.0228923	-0.0467432	-0.0308388	0.415743	-0.0452988	-0.0394664	-0.0197806	-0.0214383	0.67543	-0.0650057	-0.0836332	-0.131138
-0.0529111	-0.0875942	-0.111071	-0.0578875	-0.0438023	0.395204	-0.251871	-0.0896258	-0.092221	-0.139815	-0.205854	-0.0758117	1	-0.049032	-0.0445686	-0.0623067	-0.0442345	0.370888	-0.0630588	-0.035177	-0.176316	-0.0325689	-0.081382	-0.0932295	-0.188389	-0.257686	-0.0339628	0.0555725	-0.0339921	-0.0888149	-0.0282928	-0.0560557	-0.235727	-0.0598064	0.306208	0.0334352	-0.0442024	-0.176287	0.269626	0.32891	-0.0541459	-0.0369559	-0.0376663	-0.0601762	0.454688	-0.114964	-0.115773	-0.225121	-0.0590368	-0.0335171	-0.025226	-0.0345867	-0.155647	0.214167	-0.0877847	-0.0360276	-0.0293338	0.45684	-0.0523029	0.0045735	-0.0401107	-0.0493828	-0.0540394	-0.0392304	-0.0417359	-0.0416058	0.209702	-0.035594	0.607475	-0.012005	-0.0284652	-0.0197588	-0.0368532	-0.161614	-0.0133065	-0.0331667	-0.0541839	-0.0375088	-0.0397437	-0.0217156	-0.0573085	-0.0930384	-0.0949508	0.0840911	-0.0510212	-0.0240823	-0.0423655	-0.0569831	-0.00199232	0.0185448	-0.078944
-0.0222717	-0.0434273	-0.044582	-0.0250279	-0.0181082	-0.01835	0.241407	-0.0518085	-0.0415819	-0.0762879	0.286291	-0.0350617	-0.049032	1	-0.0224011	-0.0363364	-0.0251226	-0.152032	-0.0246982	-0.0164125	-0.091964	0.66369	-0.0415467	-0.0473841	-0.0887739	0.205744	-0.015796	0.700168	-0.0290696	-0.0457997	-0.0195273	-0.0159271	0.24123	-0.0498144	-0.126491	-0.0229523	-0.023366	0.195483	-0.14235	-0.11968	-0.0203893	0.691768	-0.0126277	-0.0283366	-0.0181549	-0.0809508	0.0735794	-0.0189175	-0.0328847	-0.0185285	-0.0224131	-0.016683	-0.00209395	-0.131816	0.132792	-0.0268123	-0.0105102	-0.0237379	-0.0127511	0.366236	0.0482051	0.341851	-0.0385216	0.242426	-0.0244347	-0.0183837	-0.00950823	-0.0221376	-0.0339454	-0.0290627	-0.0256801	0.0142422	-0.000328611	0.0714696	-0.0231944	-0.027269	-0.0207928	-0.0303176	-0.00701546	-0.0202057	-0.0343989	-0.0576022	0.0969396	-0.0218485	-0.040611	-0.00251782	-0.0374388	-0.0242503	-0.0550335	-0.0147995	0.0700129
-0.0271232	-0.0255101	-0.0353492	-0.0199546	-0.0125958	-0.0252356	0.149942	-0.0260057	-0.0191443	-0.0468287	0.182284	-0.0316972	-0.0445686	-0.0224011	1	-0.0183227	-0.00850919	-0.0937781	-0.00811111	-0.0120306	-0.0582516	-0.0160043	-0.0272903	-0.0309262	-0.0608739	0.131985	0.00104388	-0.0258134	-0.0207991	-0.0317598	-0.0233845	-0.0217484	0.157631	-0.0310677	-0.0829164	-0.0147286	-0.00884283	0.130623	-0.0948152	-0.0815712	-0.0257936	-0.0126451	0.00607641	-0.0182586	-0.028354	-0.0412698	-0.0296016	-0.0617025	-0.0240754	-0.00155269	-0.00389552	-0.00758146	0.118375	-0.0960527	-0.0319868	-0.00843425	-0.0236426	-0.0271633	-0.0238662	-0.0171728	-0.0199723	-0.00706133	-0.0169495	-0.00654953	-0.0212188	-0.0151128	-0.019831	-0.00793211	-0.0395858	-0.00442793	-0.0187848	-0.010849	-0.0189579	0.105199	0.00141627	-0.000702091	0.618852	-0.0173871	0.804785	-0.0049717	-0.0189568	-0.0284279	-0.0212799	-0.0274272	-0.0264173	-0.00801504	-0.0124167	-0.0332134	-0.0345443	-0.046772	0.147504
-0.0309204	-0.0331011	-0.0426251	-0.0357501	-0.0270052	-0.0320164	-0.122259	-0.0444937	0.642245	-0.0693536	-0.11329	-0.0323125	-0.0623067	-0.0363364	-0.0183227	1	-0.0266961	0.187737	-0.034362	-0.0229904	-0.0897088	-0.0197798	-0.0385737	-0.0414514	-0.0824165	-0.147077	-0.0201838	-0.0298696	-0.0238967	-0.0450289	-0.0263063	-0.0279182	-0.120169	-0.0594777	-0.13195	-0.0312238	-0.0253158	0.207662	-0.157818	-0.131563	-0.0320126	-0.0269741	0.000944864	-0.0310371	-0.0385836	-0.0684319	0.0799409	-0.0044656	-0.0385872	-0.0199942	-0.0207807	-0.0299792	0.192632	-0.162996	-0.0245258	-0.0289442	-0.00643708	-0.028082	-0.0243522	0.0304541	-0.0340725	-0.000209889	-0.0148209	-0.000668513	-0.0231104	-0.0296723	-0.0274727	-0.0204671	-0.0491192	-0.00388465	-0.0223356	-0.0202962	-0.0153753	0.155383	-0.0216893	-0.0313779	-0.0231824	0.00221013	-0.0145551	-0.0215046	-0.0418853	-0.037995	-0.0374639	-0.0333701	-0.0364441	-0.00187864	-0.0250314	-0.00946254	-0.0617104	-0.0646727	-0.10083
-0.0272783	-0.0300106	-0.0352227	-0.0348863	-0.0283063	-0.0219657	-0.0931247	-0.0508575	-0.0343654	-0.0565271	-0.0807041	-0.0275369	-0.0442345	-0.0251226	-0.00850919	-0.0266961	1	0.149004	-0.0284328	-0.0320702	-0.0808542	-0.0132541	-0.0388284	-0.0413103	-0.0747748	-0.110185	-0.00833152	-0.0165755	-0.00185193	-0.0535741	-0.0161445	-0.0284605	-0.0880025	-0.047519	0.170433	-0.0115921	-0.0177325	-0.107028	0.142734	0.172832	-0.0238005	-0.0225165	-0.00831992	-0.0353687	-0.0257712	-0.0703915	-0.0465488	0.197132	0.173856	-0.0160607	0.00825292	-0.0224651	-0.0974581	0.125591	-0.0362877	-0.0180937	-0.0146686	-0.029806	-0.0355104	-0.0125676	-0.0135275	-0.0225381	-0.0231192	-0.0256228	-0.0164349	-0.0360647	-0.0159801	-0.029427	-0.0475452	-0.0130068	-0.0207954	-0.0138502	-0.0226345	-0.120368	0.272814	-0.00780312	-0.00646017	-0.0244976	0.00245578	0.735253	-0.0215259	0.233325	-0.0400371	-0.0412633	-0.0303068	-0.0240494	-0.0270356	-0.0268833	-0.0417667	-0.0421101	-0.0813111
-0.144523	-0.223538	-0.280875	0.210785	-0.113973	0.138965	-0.563903	0.336576	0.30259	-0.395489	-0.407033	-0.209089	0.370888	-0.152032	-0.0937781	0.187737	0.149004	1	0.164445	0.155198	-0.504779	-0.105889	-0.232347	-0.257697	-0.509839	-0.714791	0.113658	-0.0803825	-0.0996263	0.307056	-0.0930244	-0.158437	-0.6012	-0.18348	0.819391	0.0839323	0.0456843	-0.380834	0.634161	0.755378	0.155118	-0.11462	-0.0942633	-0.158732	0.205332	-0.33817	-0.2517	0.124281	0.185458	0.0985238	0.084653	-0.115835	-0.336283	0.428683	-0.172832	-0.0919778	-0.0887033	0.19755	0.12333	-0.0105099	-0.116773	-0.0473471	-0.136148	-0.0962921	-0.122496	-0.0729088	0.0735123	0.106999	0.261216	-0.0746716	0.0993442	-0.0864256	-0.106249	-0.306508	0.100044	0.0324406	-0.112812	-0.166867	-0.0770116	0.112982	-0.170268	0.0802781	-0.131448	0.164594	-0.0774784	0.0511664	-0.000154541	-0.146694	-0.145352	-0.190756	-0.336969
-0.0315131	-0.042048	-0.0518091	-0.036119	-0.0225223	-0.0324967	0.133748	-0.0584039	-0.0422919	-0.0670698	-0.0749881	-0.0360721	-0.0630588	-0.0246982	-0.00811111	-0.034362	-0.0284328	0.164445	1	-0.0284358	-0.0885502	-0.0214736	-0.0386074	-0.0395242	-0.0922621	-0.11685	-0.0135166	-0.0303166	-0.0308999	-0.0604872	-0.0138351	-0.0116347	-0.0937028	-0.0486484	0.189754	-0.0213196	-0.0200011	-0.107018	0.147256	0.176732	-0.0285947	-0.00975708	-0.0131932	-0.0256283	0.0593366	-0.0618788	-0.0473195	0.0864283	-0.036636	0.000852672	-0.00464742	-0.0206312	-0.0415902	0.0626216	-0.0360828	-0.0190793	-0.00463303	-0.0345497	-0.0117423	-0.0235612	-0.0247858	-0.000447874	-0.0291767	-0.0297432	-0.0183921	-0.00606059	-0.012477	-0.0314297	0.00471716	-0.0115698	-0.00964609	-0.0152804	-0.0335347	-0.0562356	-0.0266996	-0.0144179	-0.0252776	-0.0211763	-0.0101467	-0.0286378	-0.0321894	0.129151	-0.0407084	0.000194564	-0.0266077	-0.00509447	-0.0141202	-0.0364976	-0.044286	0.00991701	-0.00537795
-0.0347853	-0.0391963	-0.0435622	0.694592	-0.0196149	-0.00541317	-0.0981389	-0.0445298	-0.046923	-0.0642685	0.155563	-0.0480519	-0.035177	-0.0164125	-0.0120306	-0.0229904	-0.0320702	0.155198	-0.0284358	1	-0.0824265	-0.0229488	-0.0462541	-0.0497919	-0.0817376	-0.107172	-0.0153257	-0.0257678	-0.0242287	-0.047633	0.00671335	-0.0131517	-0.0855833	-0.0523976	0.178578	-0.0329267	-0.0351555	-0.1045	0.148409	0.181543	-0.0278111	-0.00245929	-0.0154702	-0.00838444	0.0175407	-0.0669097	-0.0457109	0.183048	0.562756	-0.0281792	-0.0193271	-0.0221514	-0.11757	0.136497	-0.0206353	-0.0179595	-0.0181079	-0.0162447	0.0114172	-0.021676	-0.0337097	0.00683569	-0.0299183	-0.0260168	-0.00750532	-0.0157658	-0.0127707	0.718098	0.00172608	-0.0234289	-0.0296079	-0.0302297	0.0239299	-0.100532	-0.0189137	-0.0221159	-0.0179291	-0.0301929	-0.0111373	-0.0153488	-0.0161228	0.2525	-0.0360086	0.025971	-0.0540555	-0.0272947	-0.0384789	-0.0392678	-0.0527976	-0.0258873	-0.0583341
-0.0765679	-0.143197	-0.173727	-0.109339	0.223617	-0.0519155	-0.366753	-0.170134	-0.15398	0.772792	-0.3016	0.415188	-0.176316	-0.091964	-0.0582516	-0.0897088	-0.0808542	-0.504779	-0.0885502	-0.0824265	1	-0.0538482	0.454176	0.519243	0.517769	-0.0480564	-0.0511488	-0.0777487	0.189602	-0.131437	-0.0566576	-0.0759139	-0.356862	0.442596	-0.40298	-0.0103671	-0.0748058	-0.423656	-0.109616	-0.364078	-0.0965107	-0.0648748	0.186551	-0.0887879	-0.0951077	0.728986	0.483655	0.257083	-0.096262	-0.0437542	-0.0506902	0.189726	-0.0335382	-0.0487302	0.166017	-0.0601427	0.172593	-0.106845	-0.0416044	-0.0655898	-0.0462213	-0.0566046	0.243689	-0.11395	-0.0715153	0.10307	-0.0202515	-0.0687172	-0.152802	0.174166	-0.0331554	0.178217	-0.0521118	-0.0842995	-0.0516837	0.0262865	-0.0519882	0.336695	-0.0462207	-0.0581865	0.0534833	0.131143	0.147764	-0.0712254	0.255356	-0.0213505	0.133277	0.274026	0.213273	-0.171908	-0.212169
-0.018367	-0.0294744	-0.0313023	-0.0238497	-0.0101322	-0.0119592	0.157783	-0.0352587	-0.0254112	-0.0440336	0.188065	-0.0246192	-0.0325689	0.66369	-0.0160043	-0.0197798	-0.0132541	-0.105889	-0.0214736	-0.0229488	-0.0538482	1	-0.0195812	-0.0308903	-0.0535372	0.139221	-0.00910951	0.704936	-0.0167235	-0.0328816	-0.0130074	-0.0173158	0.160835	-0.0276854	-0.0942069	-0.00995733	-0.0135624	0.133519	-0.101934	-0.0890677	-0.0154261	0.116007	0.000229216	-0.0223149	-0.00806884	-0.0489484	-0.0283288	-0.0691077	-0.0240925	-0.0146038	-0.0185332	-0.0089122	0.111455	-0.092571	-0.0282429	-0.0233944	-0.00279446	-0.0208967	0.00471524	0.562133	0.0897916	-0.0122349	-0.0243544	0.376454	-0.0195414	-0.0220074	-0.0206013	-0.0278471	-0.0160631	-0.0144279	-0.0121407	-0.0120976	-0.00425491	0.0893819	-0.016481	-0.0207568	-0.0173318	-0.0110216	-0.0154114	-0.0139578	-0.0208304	-0.0408665	-0.0362062	-0.00605742	-0.0206564	-0.00920252	-0.0142433	-0.0160935	-0.0362748	0.0184921	0.149184
-0.0409837	-0.0712191	-0.0805973	-0.0542233	-0.0417923	-0.0350002	-0.168036	-0.0754526	-0.0677309	-0.0853333	-0.133404	-0.0568881	-0.081382	-0.0415467	-0.0272903	-0.0385737	-0.0388284	-0.232347	-0.0386074	-0.0462541	0.454176	-0.0195812	1	-0.0715936	-0.14483	0.272706	-0.014559	-0.0330578	-0.00736684	-0.00229222	-0.0248614	-0.0140726	-0.159178	0.691543	-0.15043	0.00453101	-0.0350118	-0.183627	0.257334	-0.127553	-0.0435604	-0.0360529	-0.0298863	-0.0327065	-0.0446742	0.409025	-0.0752076	-0.158333	-0.0682397	-0.0321049	-0.0154982	-0.0427441	-0.140229	0.181324	-0.0609644	-0.0232193	0.401774	-0.0465084	0.0444592	-0.0274021	-0.0252178	-0.0361557	0.0370193	-0.0391967	-0.0175418	-0.0309613	-0.0170255	-0.0432592	-0.0733257	0.400229	-0.00405299	-0.0387723	0.010837	-0.168861	-0.0403182	-0.0182329	-0.0388782	-0.0562448	-0.0277805	-0.0232079	-0.0348995	-0.0734343	-0.0666993	0.0199201	0.599353	0.0480063	0.352458	-0.0400542	0.41466	-0.0652529	-0.120518
-0.0240069	-0.0780735	-0.10222	-0.0583498	0.41194	-0.0402607	-0.183596	-0.081348	-0.0735471	0.687706	-0.14387	0.756488	-0.0932295	-0.0473841	-0.0309262	-0.0414514	-0.0413103	-0.257697	-0.0395242	-0.0497919	0.519243	-0.0308903	-0.0715936	1	0.491294	-0.219503	-0.0358852	-0.030103	-0.0199735	-0.0811596	-0.0285703	-0.03616	-0.180659	-0.0906958	-0.214828	-0.0317161	-0.03026	-0.219672	-0.2447	-0.201203	-0.0515619	-0.0241098	0.0188598	-0.0335035	-0.0503565	0.164029	0.247394	0.133015	-0.0547759	-0.0267021	-0.0369978	0.32678	-0.0856239	-0.06943	0.355179	-0.0244928	-0.0371914	-0.0494553	-0.0438883	-0.0236392	-0.0120382	-0.0233589	0.169966	-0.057132	-0.0302087	-0.0436663	-0.0233142	-0.0447126	-0.0722635	-0.0327982	-0.00692277	0.294976	-0.0484462	0.0277132	-0.0298818	-0.0361912	-0.0259021	0.0512776	-0.0154904	-0.0323622	0.153954	-0.0228603	0.283483	-0.0502165	-0.0483288	-0.0329977	-0.0329896	0.508128	0.055386	-0.104873	-0.162546
-0.0807785	0.437306	0.537726	-0.106895	0.217076	-0.0567624	0.0430202	-0.167483	-0.147962	0.70322	-0.31871	0.391164	-0.188389	-0.0887739	-0.0608739	-0.0824165	-0.0747748	-0.509839	-0.0922621	-0.0817376	0.517769	-0.0535372	-0.14483	0.491294	1	-0.00345619	-0.0680387	-0.0844501	0.179571	-0.172963	-0.0608669	-0.0854471	0.0759139	-0.153261	-0.439107	-0.0825547	-0.0738036	-0.0227329	-0.48078	-0.413095	-0.0933055	-0.0729951	0.183863	-0.0977989	-0.109173	0.316253	0.45579	0.157591	-0.105521	-0.0344119	-0.0593917	0.178186	0.287384	-0.351766	0.154648	-0.0628223	-0.0581791	-0.104172	-0.0865025	-0.0665122	-0.0518034	-0.034267	0.196604	-0.107708	-0.0791326	-0.0819717	-0.0489868	-0.0730453	-0.164407	-0.0660742	-0.0559228	0.163203	0.20066	0.155928	-0.0507231	-0.00231336	-0.0595763	0.340742	-0.0548223	-0.0595423	0.0414636	0.123274	0.130798	-0.1124	-0.121648	-0.0296373	-0.0986852	0.264312	-0.0780285	0.330368	0.0774677
0.185003	0.303383	0.377894	-0.150777	-0.0999183	-0.116427	0.767299	-0.254559	-0.224606	-0.301264	0.575524	-0.173748	-0.257686	0.205744	0.131985	-0.147077	-0.110185	-0.714791	-0.11685	-0.107172	-0.0480564	0.139221	0.272706	-0.219503	-0.00345619	1	-0.082732	0.134759	-0.0707464	-0.26252	0.129953	0.209552	0.823258	0.311452	-0.632711	0.00163349	-0.0102334	0.635833	-0.397311	-0.569822	-0.10228	0.158633	-0.0816881	0.212345	-0.15959	0.0231349	-0.200762	-0.383416	-0.145892	-0.0914578	-0.0524764	-0.0638318	0.287403	-0.310545	0.00429659	0.132134	0.129362	-0.143475	-0.0740292	0.0469363	0.144849	0.0780999	-0.0604263	0.171599	0.169422	0.121687	-0.049628	-0.0745493	-0.18168	0.109262	-0.0863655	-0.077595	0.144691	0.349238	-0.0704389	0.0058983	0.137445	-0.133039	0.103615	-0.0840834	0.101901	-0.236326	0.00559569	-0.0968042	0.138778	-0.0559601	0.0415625	-0.113103	0.152374	0.291998	0.51477
-0.0142558	-0.0322609	-0.0407445	-0.0254821	-0.00972343	-0.0151772	-0.0783119	-0.0237728	0.370136	-0.0432081	-0.0634522	-0.0225684	-0.0339628	-0.015796	0.00104388	-0.0201838	-0.00833152	0.113658	-0.0135166	-0.0153257	-0.0511488	-0.00910951	-0.014559	-0.0358852	-0.0680387	-0.082732	1	-0.00613181	0.00152336	-0.0226118	-0.00509628	-0.0212665	-0.0729925	-0.0284876	0.127313	-0.0177838	-0.0156204	0.0858403	-0.0527646	-0.0419419	-0.0291882	-0.00544163	-0.00559762	-0.0110276	-0.0164787	-0.0424625	-0.03106	-0.0368849	-0.0340513	-0.00656619	0.687444	-0.019316	0.0612481	-0.0488942	-0.0267333	-0.0124824	-0.00322674	-0.0176475	-0.0143697	0.00235599	-0.00928847	-0.0179054	-0.000962741	-0.0100464	-0.00822851	-0.0136315	-0.00891342	-0.0239166	-0.025868	-0.00652673	-0.0205421	-0.0114597	-0.0226448	0.0538827	-0.0178096	0.541587	-0.00904967	-0.0264606	0.00178015	-0.0104256	-0.0183259	-0.036924	0.230988	0.00107812	-0.0207815	-0.00100329	-0.0186111	-0.0185535	-0.0310036	-0.0443776	-0.0649517
-0.0221842	-0.0348582	-0.0188421	-0.0322998	-0.0221154	-0.00907711	0.148161	-0.0484866	-0.0317634	-0.0602013	0.171009	-0.0173844	0.0555725	0.700168	-0.0258134	-0.0298696	-0.0165755	-0.0803825	-0.0303166	-0.0257678	-0.0777487	0.704936	-0.0330578	-0.030103	-0.0844501	0.134759	-0.00613181	1	-0.0238138	-0.0462617	-0.0185591	-0.0266394	0.165594	-0.0444824	-0.061774	-0.0159979	-0.0235515	0.131812	-0.0789606	-0.0563012	-0.0172376	0.412535	-0.0160183	-0.0336272	-0.0180219	-0.0776679	0.0944448	-0.00605028	-0.0328099	-0.0205122	-0.0162162	-0.0249657	0.0192281	-0.0788139	-0.0485044	-0.033022	-0.00710525	0.128642	-0.0127764	0.385572	0.0533983	-0.0231479	-0.028663	0.258979	-0.0278567	-0.0199113	-0.0145987	-0.0243742	0.0697774	-0.0171619	-0.0171039	0.022718	-0.0101473	-0.00639561	-0.0144953	-0.0238848	-0.0288921	-0.0315235	-0.0189642	-0.0197458	-0.0358111	-0.0607784	-0.0558053	0.0291464	-0.0349235	-0.00407991	-0.0271199	-0.0318052	-0.0557725	-0.0126278	0.0640461
-0.0152476	-0.0236683	-0.0221125	-0.0252329	-0.00742898	0.00330238	-0.0695409	-0.0295042	-0.0372016	0.235638	-0.0653657	-0.023806	-0.0339921	-0.0290696	-0.0207991	-0.0238967	-0.00185193	-0.0996263	-0.0308999	-0.0242287	0.189602	-0.0167235	-0.00736684	-0.0199735	0.179571	-0.0707464	0.00152336	-0.0238138	1	-0.0297445	-0.00661211	-0.0221668	-0.0626943	-0.0246426	-0.0810326	-0.0224728	-0.0207301	-0.0800882	-0.0875389	-0.0763888	-0.0272796	-0.0201216	-0.0141612	-0.0219088	-0.0212882	0.199035	0.270603	0.13934	-0.0210396	-0.0135898	0.00113542	-0.0134417	0.112804	-0.0919244	-0.0163254	-0.0182023	-0.0157301	-0.0117557	-0.0269813	-0.0179464	-0.00709739	-0.0167088	0.476765	-0.0253524	-0.018358	-0.0164685	0.00256795	-0.018452	-0.0335048	-0.00460022	-0.00579494	-0.00912285	0.00493238	0.0850125	-0.00196152	-0.00269265	-0.0197496	-0.0180689	-0.0154905	-0.00384311	-0.0220963	-0.0306136	-0.026974	-0.0236197	-0.0118786	-0.0175767	-0.00971884	-0.0127868	-0.0213702	-0.0256915	-0.0532938
-0.0507638	-0.082234	-0.0971401	-0.0646312	-0.0268404	-0.0378034	-0.224224	0.946587	-0.0739184	-0.131227	-0.185597	-0.0612658	-0.0888149	-0.0457997	-0.0317598	-0.0450289	-0.0535741	0.307056	-0.0604872	-0.047633	-0.131437	-0.0328816	-0.00229222	-0.0811596	-0.172963	-0.26252	-0.0226118	-0.0462617	-0.0297445	1	-0.0577549	-0.0650784	-0.21796	-0.106757	0.39437	-0.0483195	-0.0412188	-0.240615	0.321956	0.388411	-0.0376564	-0.0354112	-0.0348859	-0.057267	-0.0363905	-0.143285	-0.100891	-0.134981	-0.0670678	-0.022159	-0.0100286	-0.0363625	-0.22113	0.263757	-0.0239993	-0.0437703	-0.0372158	-0.0394272	-0.0589582	0.0548762	-0.0329992	0.049263	-0.0332686	0.0143864	-0.055637	-0.0611524	-0.029056	-0.0300502	-0.0571091	-0.0198458	0.0798701	-0.0274753	-0.0381653	-0.194369	0.127332	-0.0226959	-0.0311321	-0.0699304	-0.0200325	-0.0368181	-0.066664	-0.11861	-0.0273056	-0.0565375	0.00542898	0.288351	0.0462673	-0.0358358	-0.0506695	-0.101417	-0.144458
-0.0241797	-0.03015	-0.0377374	-0.0123219	-0.0184219	-0.010767	0.14913	-0.0539995	-0.047393	-0.0411151	0.184531	-0.0223447	-0.0282928	-0.0195273	-0.0233845	-0.0263063	-0.0161445	-0.0930244	-0.0138351	0.00671335	-0.0566576	-0.0130074	-0.0248614	-0.0285703	-0.0608669	0.129953	-0.00509628	-0.0185591	-0.00661211	-0.0577549	1	0.485883	0.182675	-0.0422357	-0.100269	-0.0274326	-0.0164262	0.1452	-0.117306	-0.0972236	-0.013487	-0.0216424	-0.0253824	0.401826	-0.0105586	-0.0605968	-0.0414056	-0.0475045	-0.0206159	-0.0118491	-0.00946641	-0.0144133	-0.0890463	0.0376766	0.121121	-0.0213974	-0.0231659	-0.0239778	-0.0116021	-0.0184837	-0.0179787	-0.0201525	-0.00639726	-0.02699	0.451622	-0.0261485	-0.0165451	-0.0131496	-0.0338979	-0.0220476	-0.0101261	0.00465677	-0.0138285	-0.0580071	-0.0198528	-0.011428	-0.0231767	-0.027394	-0.0151749	-0.01102	0.397277	-0.0416936	0.0310445	-0.0110698	-0.0394293	-0.0251442	-0.0307622	-0.0158853	0.221909	-0.0301571	-0.0589684
-0.0253813	-0.0350291	-0.0492343	-0.0394953	-0.0246282	-0.0270402	0.236953	-0.0663262	-0.0492765	-0.0614628	0.282698	-0.0316408	-0.0560557	-0.0159271	-0.0217484	-0.0279182	-0.0284605	-0.158437	-0.0116347	-0.0131517	-0.0759139	-0.0173158	-0.0140726	-0.03616	-0.0854471	0.209552	-0.0212665	-0.0266394	-0.0221668	-0.0650784	0.485883	1	0.243343	-0.0378529	-0.139424	-0.0197639	-0.0223636	0.198722	-0.151083	-0.135092	-0.0292307	-0.0168735	-0.027674	0.739018	-0.0279354	-0.0720255	-0.0544564	-0.0705061	-0.0308494	-0.00703911	-0.015685	-0.0204455	-0.0946176	0.11512	-0.0384443	-0.0238286	-0.0241868	-0.0306812	-0.0316709	-0.0199794	-0.0136996	-0.0143668	-0.0203685	-0.0316985	0.748035	-0.0277232	-0.0282728	0.0290677	-0.0502725	-0.0133261	0.000776563	-0.00088263	-0.0312993	-0.110353	-0.0253869	-0.00885095	-0.0338998	-0.0303804	-0.0150741	-0.0115215	0.556238	-0.0411013	-0.042051	-0.0221693	-0.0191603	-0.0158516	-0.0141066	-0.0266379	0.34106	-0.054069	-0.0624021
0.225296	0.365657	0.453683	-0.1221	-0.0805508	-0.104941	0.920143	-0.211825	-0.183706	-0.272735	0.69331	-0.14275	-0.235727	0.24123	0.157631	-0.120169	-0.0880025	-0.6012	-0.0937028	-0.0855833	-0.356862	0.160835	-0.159178	-0.180659	0.0759139	0.823258	-0.0729925	0.165594	-0.0626943	-0.21796	0.182675	0.243343	1	-0.214711	-0.53526	-0.101759	0.0189131	0.819922	-0.610223	-0.511926	-0.0830806	0.1887	-0.0679628	0.259292	-0.142258	-0.308032	-0.164018	-0.365209	-0.115202	-0.0705163	-0.0436335	-0.0497114	0.397128	-0.4321	0.0550699	0.159437	-0.0578681	-0.123262	-0.0935214	0.0717175	0.171363	0.104126	-0.0762771	0.215991	0.20584	-0.0144903	-0.0611169	-0.0570689	-0.15045	-0.0766822	-0.0819397	-0.0670058	0.158325	0.424192	-0.0536877	-0.056443	0.176274	-0.136653	0.130843	-0.0724754	0.140405	-0.226078	0.0224565	-0.108948	-0.151614	-0.0337027	-0.125107	-0.0903061	-0.0371321	0.364121	0.57333
-0.055447	-0.0812153	-0.0980073	-0.0628389	-0.0413395	-0.0302528	-0.208354	-0.101107	0.0753817	-0.0877548	-0.172556	-0.0741888	-0.0598064	-0.0498144	-0.0310677	-0.0594777	-0.047519	-0.18348	-0.0486484	-0.0523976	0.442596	-0.0276854	0.691543	-0.0906958	-0.153261	0.311452	-0.0284876	-0.0444824	-0.0246426	-0.106757	-0.0422357	-0.0378529	-0.214711	1	-0.253469	0.463587	0.263366	-0.256012	0.344318	-0.185867	-0.0513898	-0.0396019	-0.0388453	-0.0536167	-0.0494075	0.603419	-0.0993677	-0.101294	-0.0735191	0.293892	-0.0211436	-0.0353813	-0.172855	0.108534	-0.0783743	-0.0339787	0.300675	-0.0581942	0.0181601	-0.0402351	-0.0331474	-0.0381758	0.0120975	-0.0626079	-0.0398441	0.214352	0.0148114	-0.0480072	-0.0819806	0.305499	-0.0247887	-0.0318172	-0.00934315	-0.0281395	-0.0407597	0.0972428	-0.0474082	-0.0211231	-0.029251	-0.0322382	-0.0568667	-0.0663815	-0.0239916	-0.00491825	0.454304	-0.0382884	0.258946	-0.0551743	0.295848	-0.0911052	-0.0551865
-0.123596	-0.194187	-0.241558	0.241928	-0.0953702	0.160072	-0.466616	0.381384	-0.119359	-0.328504	-0.314363	-0.177296	0.306208	-0.126491	-0.0829164	-0.13195	0.170433	0.819391	0.189754	0.178578	-0.40298	-0.0942069	-0.15043	-0.214828	-0.439107	-0.632711	0.127313	-0.061774	-0.0810326	0.39437	-0.100269	-0.139424	-0.53526	-0.253469	1	-0.117428	-0.119124	-0.543988	0.768446	0.92821	0.188761	-0.0959931	-0.0864475	-0.13867	0.243841	-0.366832	-0.254407	0.196446	0.228931	-0.082094	0.0977091	-0.0992311	-0.49377	0.623316	-0.164608	-0.102673	-0.0733193	0.236116	0.146893	-0.0109066	-0.0983426	-0.0401391	-0.117207	-0.0870366	-0.112661	-0.0573102	0.0990268	0.134892	0.315163	-0.0618021	0.119283	-0.0703354	-0.0868757	-0.479642	0.110249	0.0442116	-0.09713	-0.18264	-0.0690673	0.127965	-0.147672	0.127032	-0.116362	0.190943	-0.039905	0.0965095	0.0246076	-0.132353	-0.0948787	-0.222662	-0.342276
-0.0265886	-0.0377877	-0.0417713	-0.0234685	-0.00920799	-0.017109	-0.0817402	-0.0461996	0.28812	0.0294795	-0.0711828	-0.0313173	0.0334352	-0.0229523	-0.0147286	-0.0312238	-0.0115921	0.0839323	-0.0213196	-0.0329267	-0.0103671	-0.00995733	0.00453101	-0.0317161	-0.0825547	0.00163349	-0.0177838	-0.0159979	-0.0224728	-0.0483195	-0.0274326	-0.0197639	-0.101759	0.463587	-0.117428	1	0.594706	-0.128737	0.16591	-0.000290456	-0.0255638	-0.0200467	-0.0246041	-0.0268326	-0.0200445	0.262978	-0.0553092	-0.103693	-0.0293514	0.655326	-0.00834073	-0.00223105	-0.0260941	-0.125123	-0.0376071	-0.00372829	-0.0301243	-0.0283767	-0.0232968	-0.00953018	-0.0221869	-0.0219914	-0.0131903	-0.0287769	-0.0123005	-0.0303759	0.0661044	-0.026265	-0.0346798	-0.0189601	-0.0123547	0.00858879	-0.0146135	0.0518876	-0.00329627	-0.011293	-0.026349	0.0612976	-0.0138864	-0.00932727	-0.0174801	0.0403116	-0.0390245	-0.0225106	-0.040842	-0.0115911	-0.0241112	-0.0253869	-0.038	-0.0428345	-0.0585828
-0.0186499	-0.0319324	-0.0378254	-0.0238593	-0.000222113	-0.0222855	0.0153346	-0.0379786	0.305657	-0.0528349	0.0298003	-0.031577	-0.0442024	-0.023366	-0.00884283	-0.0253158	-0.0177325	0.0456843	-0.0200011	-0.0351555	-0.0748058	-0.0135624	-0.0350118	-0.03026	-0.0738036	-0.0102334	-0.0156204	-0.0235515	-0.0207301	-0.0412188	-0.0164262	-0.0223636	0.0189131	0.263366	-0.119124	0.594706	1	-0.00971942	0.0465272	-0.115278	-0.0266188	-0.0172388	-0.00846085	-0.0321547	-0.0171583	0.155275	-0.047666	-0.109927	-0.0318358	0.68492	-0.009195	-0.00397023	-0.00720555	-0.138694	-0.0334664	-0.0186312	-0.0250885	-0.0336678	-0.0192781	-0.015759	-0.0223312	-0.0229187	-0.0173343	-0.0315948	-0.0258462	-0.0305043	-0.0164351	-0.0371555	-0.0384631	-0.0131209	-0.0180453	-0.0223982	-0.00613146	0.14367	-0.000238188	-0.0109989	0.306022	-0.0313874	0.0025502	-0.0186206	-0.0237293	-0.0668633	-0.035242	-0.0226723	-0.036881	-0.00224817	-0.0158973	-0.0254929	-0.0436271	-0.0357463	0.0351699
0.18488	0.30798	0.379755	-0.153048	-0.0981	-0.122339	0.746648	-0.226277	0.216755	-0.330651	0.541847	-0.172623	-0.176287	0.195483	0.130623	0.207662	-0.107028	-0.380834	-0.107018	-0.1045	-0.423656	0.133519	-0.183627	-0.219672	-0.0227329	0.635833	0.0858403	0.131812	-0.0800882	-0.240615	0.1452	0.198722	0.819922	-0.256012	-0.543988	-0.128737	-0.00971942	1	-0.736582	-0.619815	-0.112306	0.155995	-0.0767753	0.22092	-0.163611	-0.383312	-0.168164	-0.419346	-0.145062	-0.0868393	0.111215	-0.0974774	0.562207	-0.568052	0.0168171	0.16247	-0.0727637	-0.149291	-0.108386	0.0636848	0.140259	0.0862807	-0.101019	0.187852	0.176269	0.0139609	-0.0891901	-0.0801383	-0.188647	-0.0870836	-0.0952103	-0.0871729	0.135249	0.565628	-0.06709	0.0583789	0.142478	-0.161151	0.107642	-0.0835232	0.0859917	-0.274619	0.0477104	-0.125034	-0.180997	-0.0449058	-0.137919	-0.106446	-0.100907	0.365282	0.539886
-0.145805	-0.224072	-0.270752	0.204562	-0.111624	0.147745	-0.542654	0.30474	-0.133076	-0.345884	-0.379161	-0.203993	0.269626	-0.14235	-0.0948152	-0.157818	0.142734	0.634161	0.147256	0.148409	-0.109616	-0.101934	0.257334	-0.2447	-0.48078	-0.397311	-0.0527646	-0.0789606	-0.0875389	0.321956	-0.117306	-0.151083	-0.610223	0.344318	0.768446	0.16591	0.0465272	-0.736582	1	0.839277	0.167473	-0.111836	-0.0996649	-0.166623	0.214474	0.021058	-0.31099	0.14313	0.191419	0.094498	-0.0761403	-0.110166	-0.630719	0.712141	-0.196246	-0.125623	0.106414	0.208425	0.153811	-0.0286686	-0.111643	-0.0525301	-0.0991807	-0.121678	-0.132632	0.0279693	0.116641	0.112625	0.272299	0.121794	0.109284	-0.0836027	-0.0974262	-0.528329	0.0857373	-0.0225795	-0.116691	-0.178918	-0.0814961	0.112691	-0.171222	0.105028	-0.17895	0.182891	0.243721	0.0778057	0.186564	-0.154177	0.0964539	-0.260951	-0.372803
-0.119435	-0.187995	-0.2266	0.245544	-0.0918201	0.167956	-0.438834	0.368066	-0.190886	-0.289029	-0.289197	-0.168827	0.32891	-0.11968	-0.0815712	-0.131563	0.172832	0.755378	0.176732	0.181543	-0.364078	-0.0890677	-0.127553	-0.201203	-0.413095	-0.569822	-0.0419419	-0.0563012	-0.0763888	0.388411	-0.0972236	-0.135092	-0.511926	-0.185867	0.92821	-0.000290456	-0.115278	-0.619815	0.839277	1	0.202182	-0.0920761	-0.0805743	-0.143234	0.248445	-0.321505	-0.263574	0.204108	0.239773	-0.0873001	-0.0695259	-0.0898681	-0.526411	0.653732	-0.158034	-0.108407	-0.0739844	0.246641	0.147119	-0.00378415	-0.0967498	-0.0330769	-0.111118	-0.0902933	-0.112523	-0.101243	0.10999	0.144223	0.324998	-0.0585418	0.127364	-0.063697	-0.0853328	-0.537716	0.110875	-0.0877837	-0.0974403	-0.14404	-0.0692566	0.135103	-0.141495	0.17496	-0.176246	0.191522	-0.0344122	0.0995398	0.0312513	-0.128914	-0.0854347	-0.215114	-0.354318
-0.0138137	-0.0360098	-0.0374273	-0.0389684	-0.0302715	-0.0247118	-0.0859187	-0.0339347	-0.0466852	-0.0780851	-0.0690806	-0.0404819	-0.0541459	-0.0203893	-0.0257936	-0.0320126	-0.0238005	0.155118	-0.0285947	-0.0278111	-0.0965107	-0.0154261	-0.0435604	-0.0515619	-0.0933055	-0.10228	-0.0291882	-0.0172376	-0.0272796	-0.0376564	-0.013487	-0.0292307	-0.0830806	-0.0513898	0.188761	-0.0255638	-0.0266188	-0.112306	0.167473	0.202182	1	-0.0221882	-0.0130043	-0.0217434	-0.0293248	-0.0892263	-0.0627021	0.217379	-0.0422316	-0.0267569	-0.0232224	-0.032761	-0.115926	0.143426	-0.0408718	-0.0167554	-0.0223505	-0.029039	-0.0227792	-0.00382336	-0.0190556	-0.017838	-0.0144881	-0.022519	-0.0181447	-0.0206471	0.0641556	-0.0137673	-0.0467251	-0.0270437	-0.0284585	-0.0151209	-0.0156608	-0.110962	-0.000247241	-0.0218159	-0.0247836	-0.0346361	-0.024949	-0.0256453	-0.0349904	-0.0685211	-0.0473457	-0.0237953	-0.0467429	-0.00814537	-0.0401075	-0.0306818	-0.0610993	-0.053713	-0.0655532
-0.0116194	-0.0330031	-0.00889063	-0.0115641	-0.0125827	-0.0146751	0.17601	-0.0354168	-0.0313532	-0.0500815	0.193709	-0.0122355	-0.0369559	0.691768	-0.0126451	-0.0269741	-0.0225165	-0.11462	-0.00975708	-0.00245929	-0.0648748	0.116007	-0.0360529	-0.0241098	-0.0729951	0.158633	-0.00544163	0.412535	-0.0201216	-0.0354112	-0.0216424	-0.0168735	0.1887	-0.0396019	-0.0959931	-0.0200467	-0.0172388	0.155995	-0.111836	-0.0920761	-0.0221882	1	-0.00953505	-0.0233395	-0.0265035	-0.0703535	0.144321	0.0446184	-0.0278056	-0.0125482	-0.0139807	-0.0150931	-0.0944216	-0.109001	0.19643	-0.0190633	-0.00839389	-0.0142998	-0.0173529	-0.0226017	0.0713613	0.464666	-0.0331476	-0.0322317	-0.0211152	-0.0175875	-0.00258974	-0.00862838	-0.0327114	-0.0225088	-0.020677	-0.00753717	-0.0058852	0.0119137	-0.0133024	-0.0153593	-0.0133856	-0.0285102	-0.000298887	-0.0118016	-0.030421	-0.0405539	0.160222	-0.022831	-0.0336841	-0.00713693	-0.0294603	-0.0122897	-0.0454291	-0.0102638	-0.0401148
