1	-0.144549	-0.097838	-0.111091	-0.41096	-0.407986	-0.325858	-0.0802129	-0.0376536	0.373532	-0.0605539	-0.065165	-0.167334	-0.468192	-0.0859661	-0.0945345	0.0328341	-0.0369757	0.185483	0.207401	-0.24454	0.725509	-0.103909	0.598927	-0.0552301	0.417985	0.263514	0.551626	-0.0460598	-0.0798119	-0.317038	-0.129987	0.276027	-0.0542196	0.47734	-0.0964294	-0.130375	-0.0517827	0.413896	-0.126774	-0.109923	0.477031	0.0667717	-0.278169	-0.0541253	0.223334	-0.0928385	0.0659255	-0.15563	-0.231618	0.264179	0.233982	0.101209	0.261364	-0.0422991	-0.064398	-0.0124745	-0.0271732	-0.13811	-0.200091	-0.0886928	0.442334	-0.0987474	-0.111106	-0.188336	0.172565	-0.16469	-0.0436228	0.133574	-0.088192	-0.124396	-0.0434241	-0.206617	0.35698	-0.0618841	-0.259917	-0.0468198	0.034874	-0.0405008	-0.0967984	-0.0673905	-0.0747307	-0.203109	0.25339	0.251908	-0.0903694	-0.148794	-0.199406	0.276725	-0.151423	-0.162864	0.0324324	0.078973	-0.0906245	-0.0697932	-0.249645	0.205904	-0.0583855	0.084743	0.120374	-0.0515957	-0.0565879	0.363584	0.329782	0.234743	0.0689975	0.19798	0.0134155	0.0428663	0.129686	-0.0396793	-0.0603614	-0.0490299	-0.103793	-0.0525779	-0.0875081	0.110702	-0.0169808	-0.0897725	-0.0639744	-0.185876	0.103784	-0.0243008	-0.115938	-0.0455771	-0.103163	0.198127	0.0904429	-0.0538317	-0.0477128	-0.0911897	0.0742309	-0.075028	-0.0374993	-0.219904	-0.0265021	-0.0589372	0.0825138	-0.0101766	0.205581	0.411368	-0.166166	0.182033	-0.139652	-0.0470449	-0.00858179	-0.043948	-0.0383975	-0.0191035	-0.124947	-0.0440057	-0.1036	-0.0797546	-0.0116654	-0.131571	-0.077373	-0.0458636	0.138506	-0.0478771	-0.0574523	-0.168422	-0.0652333	-0.0382814	-0.0414194	-0.146493	0.427231
-0.144549	1	-0.0616425	-0.0519292	-0.2122	0.339153	0.408768	-0.0349363	-0.0359675	0.614132	-0.0207447	-0.0387546	-0.078448	-0.231868	-0.0521854	-0.0410252	0.322605	-0.0343159	-0.0276723	-0.188585	-0.125989	0.391761	-0.054095	-0.109589	-0.0264506	-0.0833883	0.263748	-0.0730492	0.379277	-0.0315704	-0.190576	-0.056719	-0.0625851	-0.0096402	0.273266	-0.0577813	-0.0785955	-0.0294117	-0.0760179	-0.0795201	0.133235	0.381318	-0.106079	-0.153906	-0.0310419	0.176571	-0.0556172	-0.0986898	-0.0559749	-0.149545	0.0717667	-0.0244401	0.225997	-0.0625904	-0.033235	0.326576	0.157993	-0.0944545	-0.198547	-0.0910822	-0.0125665	0.22066	-0.0287469	-0.0731081	-0.101414	-0.0327463	-0.0216965	-0.093243	-0.0410275	-0.16596	0.0741162	-0.0197189	-0.0097195	0.292052	-0.0229132	-1.46044e-05	0.371213	-0.0444493	-0.0286012	-0.0405713	-0.118977	-0.044579	-0.0172192	0.0757954	-0.0596735	-0.0923549	-0.0616661	-0.0371937	-0.111076	-0.0844349	0.0286179	-0.1228	-0.157644	-0.0511305	-0.0424688	-0.0359885	0.0418155	-0.113986	-0.0726483	-0.0338222	-0.0495394	-0.0350382	0.102869	0.17343	-0.049394	-0.159177	0.224705	-0.0426974	0.219585	0.132143	-0.0392362	-0.0225508	-0.0296018	-0.0895254	-0.0113841	-0.0589899	-0.0330274	-0.0918074	-0.049355	-0.067936	-0.0578868	-0.0280492	-0.0315936	-0.0727096	-0.0307145	-0.0199252	-0.0439919	0.0765924	-0.0546847	-0.0540964	0.0206045	-0.0221893	-0.0208597	-0.0159786	-0.0942362	0.0152819	-0.0349536	-0.046559	-0.0706087	0.182985	0.191198	0.0226479	0.0877153	-0.0582821	-0.0515332	-0.0382824	-0.0314467	-0.0332125	0.398887	-0.0585768	-0.00887957	-0.0448321	0.0196651	-0.0258887	-0.0618315	-0.0409137	-0.0203037	-0.0296502	0.0820826	-0.0404931	-0.0336717	0.0104925	-0.029368	-0.0316721	-0.091604	-0.0657308
-0.097838	-0.0616425	1	-0.0450689	-0.15412	0.232625	-0.125644	-0.0281423	-0.0249271	-0.0865193	-0.023089	0.667928	0.581194	0.209885	-0.0424734	-0.032543	-0.154393	-0.0339891	-0.0001608	-0.132035	-0.0903785	-0.127075	-0.0387507	-0.071889	-0.0201332	-0.0602664	-0.157299	-0.0478133	-0.0188716	-0.0280116	-0.118523	-0.0469463	-0.0510232	-0.00518783	0.184962	-0.0572488	0.577952	-0.0209932	-0.0482942	0.570407	-0.0374725	-0.108399	0.393204	-0.0886438	-0.0263187	-0.0282887	-0.0417607	0.386013	-0.038259	-0.075836	-0.0612726	0.240658	-0.117302	-0.0525478	-0.0184639	-0.0362292	0.163922	-0.0386171	-0.119369	-0.030477	-0.0794885	-0.0848442	-0.0887352	0.468344	-0.107957	-0.00906187	0.165774	-0.0654213	-0.0262571	-0.133737	0.00956422	-0.0114626	-0.022522	-0.0646268	-0.0255295	0.208148	-0.014024	-0.016881	-0.0104129	-0.0401265	-0.0552004	-0.0289488	-0.0210837	-0.116226	-0.0463202	0.180437	-0.0745099	0.192652	-0.0373563	-0.0388145	-0.0938192	-0.0737252	-0.0553625	-0.0279666	-0.0237478	-0.109505	-0.0630317	-0.0457879	0.0260997	-0.0497501	-0.0146237	0.0138039	-0.0694509	-0.0317994	-0.0381878	-0.0554195	0.191814	-0.013482	0.0856273	-0.079733	-0.0019659	-0.0125605	-0.0198879	0.1916	-0.0214614	0.000247164	-0.0132645	0.139673	-0.0210861	-0.0490209	0.200486	-0.0245314	-0.0157196	-0.0247947	0.0837223	-0.0377029	-0.038964	0.126237	-0.00823105	-0.00757721	0.333732	-0.0357346	-0.0202444	-0.0118564	0.194087	0.00185833	-0.0274586	-0.0211029	0.0032626	-0.134669	-0.0747533	-0.0877836	0.098863	-0.111601	0.0465028	-0.0165466	-0.0467373	-0.0272148	-0.0416733	0.171348	-0.0974369	-0.119325	-0.084591	0.00111463	-0.0264236	-0.0214923	-0.0230726	-0.026575	-0.0273115	-0.0245303	-0.0929343	0.0175632	-0.0105322	-0.0199442	0.00100765	-0.0476241
-0.111091	-0.0519292	-0.0450689	1	0.265793	-0.166783	-0.132758	-0.0336777	-0.0165095	-0.0896623	-0.0350703	-0.016027	-0.0786185	0.2285	-0.0331151	-0.0364734	-0.164897	-0.0335287	-0.0253722	-0.10327	-0.104855	-0.0886523	-0.0307409	-0.0152503	-0.0326482	0.0022741	-0.183068	-0.0587794	-0.0266737	-0.0232081	0.202917	-0.0527914	0.0476811	-0.0252727	-0.130056	0.591385	-0.0601604	-0.0142105	-0.0641697	-0.0601995	-0.0399213	-0.125118	-0.017941	-0.112117	-0.0230023	-0.0456402	-0.0473065	-0.0162759	-0.0683009	-0.107269	-0.0723476	-0.0643148	-0.128779	0.0588492	0.290622	-0.0197776	-0.163778	-0.058621	0.211846	-0.0882229	-0.11129	-0.0268896	0.159084	-0.020938	-0.122184	-0.0309426	0.131119	0.222512	0.111259	-0.142672	-0.0695806	-0.0118335	0.208088	-0.0659337	-0.0158846	0.174076	-0.0225014	-0.0163565	-0.0135385	-0.0356173	-0.0598909	-0.0317431	0.245503	-0.132629	-0.032962	0.261043	-0.0744843	-0.0726606	-0.0790228	0.373065	-0.10376	-0.0826421	-0.108209	0.520713	-0.022754	0.175207	-0.119423	-0.0485978	-0.0538643	-0.0610474	0.614009	-0.0275206	-0.133379	-0.0939649	-0.0346154	-0.110029	-0.0717142	-0.0190652	-0.145607	0.224394	-0.0214607	-0.0226985	-0.00955625	0.228707	-0.0138792	-0.0288841	-0.00831192	-0.0795655	0.478444	-0.0166548	0.280444	-0.00775965	-0.00433216	-0.0348142	-0.0221792	-0.0409861	-0.042231	0.150893	-0.024714	-0.0376123	0.0413642	-0.049004	-0.0262415	-0.00581823	0.2308	-0.024072	-0.00520457	-0.0257493	-0.0531107	-0.154866	-0.0890202	-0.0959653	-0.088071	0.109922	-0.0352686	-0.0318855	-0.0456144	-0.0213255	-0.0441866	-0.0248984	-0.104314	-0.0149358	-0.0855204	-0.000498815	0.294153	-0.0238361	-0.011268	-0.0210133	-0.015526	-0.0150481	0.135153	-0.0340989	-0.0129992	-0.00663397	0.229394	-0.0665997
-0.41096	-0.2122	-0.15412	0.265793	1	-0.648044	-0.488601	0.179723	-0.0768204	-0.349981	0.149156	-0.109542	-0.258645	0.734758	-0.0485612	0.225512	-0.612653	-0.102902	-0.0771801	-0.4538	-0.383974	-0.388281	0.254906	-0.17862	0.106654	-0.102379	-0.552234	-0.23533	-0.0843064	0.210334	0.696794	-0.226382	-0.114294	-0.0581076	-0.450701	0.127837	-0.15062	0.125428	-0.137912	-0.147249	-0.0652071	-0.352542	-0.238971	0.661556	-0.0748986	-0.172022	-0.0733405	-0.237222	-0.120236	0.589881	-0.0595546	-0.208085	-0.387288	-0.11362	0.10744	-0.0556459	-0.514884	0.261463	0.551662	0.0545904	0.0421775	-0.289007	0.133875	-0.186159	0.206637	-0.0738422	0.0147715	0.262301	-0.0367775	0.24985	-0.124212	-0.0758094	0.0937499	-0.262366	0.130433	-0.0294871	-0.0888617	0.0166712	0.100028	-0.169909	0.271094	0.0222147	0.110973	0.0818406	-0.117333	0.0404401	-0.0302121	-0.172577	0.00811953	0.246938	-0.0949736	0.258953	0.176649	0.137278	-0.0698255	0.0930486	-0.00378291	0.248845	-0.118337	0.0688305	0.156371	-0.0775331	-0.163135	-0.289109	-0.100088	0.188126	-0.315537	-0.0168322	-0.374963	0.0150747	0.137371	0.0261833	0.133856	-0.0137373	-0.00342957	0.209935	-0.00744894	0.149813	0.143161	0.198937	0.138725	-0.0106672	0.100754	0.218282	-0.086723	0.00430447	-0.0939418	-0.10601	0.0204368	-0.0680856	-0.106022	0.0681306	-0.131941	-0.0261782	0.108977	0.0585152	0.139872	-0.0447086	0.114754	-0.317734	-0.264468	-0.138861	-0.0885602	0.0896623	0.0130809	0.115107	-0.0623257	0.1052	-0.148996	0.11339	-0.0913325	0.0324149	-0.127111	0.0744112	0.237315	0.188548	-0.00649559	-0.0827721	-0.00452425	0.150707	0.0652591	0.123575	0.0937776	0.119198	0.216107	-0.19478
-0.407986	0.339153	0.232625	-0.166783	-0.648044	1	0.74036	-0.109867	0.11138	0.0454352	-0.0966305	0.169205	0.372089	-0.355407	0.124404	-0.140734	0.592414	0.133563	-0.0737212	0.291223	0.595654	-0.209643	-0.166067	-0.312605	-0.0770743	-0.238324	0.341652	-0.215492	0.128244	-0.140427	-0.444647	0.342244	-0.115336	0.103661	0.0620284	-0.0732342	0.266732	-0.0799482	-0.20032	0.260748	0.163464	-0.0345061	0.185369	-0.441014	0.107439	-0.0408648	0.153226	0.189138	0.248834	-0.397321	-0.176289	0.00247988	0.316082	-0.110631	-0.0689159	0.112639	0.538971	-0.239478	-0.439509	0.107318	0.0170624	-0.0737886	-0.0629347	0.285427	-0.0451876	-0.0683417	0.116052	-0.238295	-0.0753083	-0.182486	0.227592	0.114803	0.0773442	-0.0256509	-0.0767435	0.249013	0.125458	-0.0405528	-0.065521	0.255927	-0.215158	0.0397922	0.0569396	-0.300713	-0.090035	0.0408123	0.161082	0.347978	-0.231632	-0.119163	0.236199	-0.296844	-0.252472	-0.0563382	0.131669	0.117168	-0.154886	-0.199204	0.0489206	-0.186378	-0.110871	0.124582	-0.136765	0.0207825	-0.0934062	-0.25542	0.159724	0.0108788	0.35082	-0.119573	-0.100136	0.024672	-0.0903415	0.105687	0.0463481	-0.14406	-0.0802841	-0.144483	-0.0627341	-0.141916	0.016417	-0.0787075	-0.0796968	-0.125323	0.12769	0.0869578	-0.0673585	0.037869	0.0248974	0.110003	0.186571	-0.15176	0.200173	0.0566764	0.0756626	-0.036635	-0.0903614	-0.0277379	-0.107263	0.155534	-0.0722672	0.282594	-0.053981	0.0171112	0.0262809	-0.10502	0.0999802	-0.070927	0.167812	-0.00365926	0.120495	0.0462963	0.199585	-0.063514	-0.126739	-0.123138	0.0440527	-0.0281989	0.0459458	-0.100659	0.0771093	-0.0746593	-0.0574844	-0.0825429	-0.0973402	-0.152155
-0.325858	0.408768	-0.125644	-0.132758	-0.488601	0.74036	1	-0.0941433	0.15141	0.131164	-0.0795247	-0.0843305	-0.155341	-0.567714	0.174669	-0.116587	0.716412	-0.0754102	-0.0594051	0.387947	0.644431	-0.0557572	-0.13426	-0.251746	0.151617	-0.184635	0.472511	-0.177945	0.157405	-0.115639	-0.385419	0.423262	-0.102825	0.117688	-0.026457	-0.118879	-0.0715902	-0.0658911	-0.179809	-0.0669727	0.204058	0.0492242	-0.0846648	-0.385704	0.161973	0.0253233	0.210541	-0.0769489	0.376861	-0.335319	-0.111293	-0.113618	0.399202	-0.0825163	-0.0644306	0.139449	0.431739	-0.201208	-0.380008	0.166878	0.0976123	-0.0182096	-0.00945571	-0.0252452	0.0378677	-0.0628433	-0.00490626	-0.264621	-0.0659323	-0.0692883	0.320121	0.145058	0.0820337	0.0195388	-0.0601029	0.0872472	0.149778	-0.0265705	-0.0634391	0.312473	-0.168409	0.0848785	0.0541359	-0.192652	-0.0640671	-0.185619	0.211358	0.213769	-0.18714	-0.202453	0.317814	-0.218675	-0.15507	-0.126609	0.159075	0.130698	-0.062723	-0.153095	0.0896309	-0.124864	-0.108503	0.147083	-0.0263989	0.087709	-0.0915527	-0.159718	0.0312674	0.0334579	0.307747	-0.142394	-0.0835576	0.121103	-0.0807368	-0.0778044	0.028274	-0.124165	-0.0734178	-0.213825	-0.132912	-0.115702	-0.203984	-0.0774512	-0.0688653	-0.155486	0.101899	0.125435	-0.0727637	-0.0950146	0.048562	0.157285	-0.0498163	-0.0853989	0.238193	0.0713227	-0.0931874	-0.0296411	-0.0689688	-0.00879377	-0.0822571	0.248787	-0.0405745	0.366103	-0.123351	0.0792023	0.0679328	-0.0889861	0.156975	-0.0617224	0.198054	-0.114383	0.225619	0.14439	0.276869	-0.0618406	-0.183269	-0.101986	0.0382129	-0.0234331	0.0118948	-0.0910793	0.105731	-0.0624237	-0.0381756	-0.0764151	-0.116986	-0.14337
-0.0802129	-0.0349363	-0.0281423	-0.0336777	0.179723	-0.109867	-0.0941433	1	-0.0096797	-0.0637273	-0.0111323	-0.0198596	-0.0432375	0.149639	-0.0232135	-0.0280543	-0.105603	-0.0129983	-0.00113274	-0.106286	-0.0723017	-0.0938861	-0.0383308	-0.0591136	-0.0161254	-0.0362252	-0.116015	-0.037402	-0.0117296	0.00366169	0.160534	-0.0414306	-0.0312237	-0.0160466	-0.110165	-0.0352348	-0.0461374	0.704047	-0.036575	-0.0456112	-0.0301702	-0.0777011	-0.0446403	0.199429	0.0180619	-0.0338711	-0.0269205	-0.0484698	-0.0303388	0.192281	-0.0335706	-0.0636209	-0.0889046	-0.0367253	-0.0219581	-0.0061303	-0.11079	-0.0498064	0.133779	-0.049524	-0.0601772	-0.0463962	-0.0845979	-0.0335542	0.141805	-0.00795389	-0.0989581	-0.0561076	-0.0146784	0.122578	-0.0493016	-0.00534083	-0.0768923	-0.0362983	-0.0232991	-0.0896626	-0.0238953	-0.0193422	-0.0192771	-0.0404227	0.233043	-0.0136338	-0.0794882	0.145666	-0.0248016	-0.0729769	-0.0612518	-0.0547676	0.00661664	-0.049629	-0.0773526	0.174987	0.146454	-0.0296864	-0.0167663	-0.10231	0.120739	0.214115	-0.0349035	-0.0220608	-0.0249487	-0.00765842	0.0356287	-0.0520177	-0.0231327	0.143503	-0.0509321	-0.0199981	-0.100625	-0.0692258	0.00928841	-0.0231796	-0.0261285	-0.0741468	-0.0123365	-0.0272705	-0.0119628	0.143159	-0.0253559	0.279038	-0.0607977	-0.00184768	0.492919	-0.040645	-0.000707305	-0.02402	-0.024811	-0.0967818	-0.00981526	0.00682554	-0.0354528	-0.0161882	-0.0259266	-0.0209211	-0.0671538	0.00206478	-0.0314601	0.067298	0.0256309	-0.0994233	-0.0465165	-0.0616919	0.0779858	-0.0637683	-0.0177387	-0.0318013	-0.0211194	-0.0123441	-0.0208274	0.111525	-0.0410332	-0.0567146	-0.0339763	0.417407	-0.0394362	-0.0158846	-0.0137054	0.0733043	-0.00919098	0.346842	-0.0545026	-0.0376989	0.00995431	-0.0112716	-0.0400848	-0.0105883
-0.0376536	-0.0359675	-0.0249271	-0.0165095	-0.0768204	0.11138	0.15141	-0.0096797	1	-0.0379386	-0.0109972	-0.0105387	-0.0413861	-0.0955965	-0.0285631	-0.0180621	0.121758	-0.0191104	0.00365379	0.131889	0.182138	-0.0562154	-0.0253701	-0.0351871	-0.000323344	-0.0216618	0.106593	-0.0139957	-0.019923	-0.0209892	-0.082902	0.24541	-0.0222099	-0.0129092	-0.0669132	-0.0296572	-0.0218236	-0.0107488	-0.0301239	-0.0204933	-0.00964557	-0.0520025	-0.0340546	-0.0656305	-0.0156647	-0.0297592	0.103466	-0.0362462	0.308022	-0.06066	-0.0387938	-0.0555793	-0.00568412	-0.0212464	-0.0120545	-0.0170347	0.110674	-0.0210935	-0.0834246	0.220539	0.152608	-0.0379242	0.108517	-0.0229296	-0.0649487	-0.0177463	0.0889827	-0.0495393	-0.0181527	-0.0853071	0.22425	0.704886	0.146724	-0.0301639	-0.0196997	0.1186	-0.0178265	-0.0147549	-0.0183779	-0.0201912	-0.0405237	0.113754	0.0600639	-0.00483333	-0.0153663	-0.0411077	-0.0384733	-0.0368031	0.0600552	-0.0253033	-0.00582127	0.0163247	0.0549532	-0.0189681	0.00168241	-0.0226232	0.0686563	0.0471519	0.070211	-0.0297927	-0.00982671	0.192029	0.0341114	0.0214674	-0.0145443	0.0555364	-0.0390444	0.174241	-0.036015	-0.0448197	-0.0173941	-0.0150195	-0.0173707	0.011925	-0.00524029	-0.0074687	-0.000359634	0.0116805	-0.0306092	-0.0332984	-0.0322307	-0.0178522	-0.00949862	-0.00989839	-0.0253241	-0.0111698	-0.00824675	-0.0152314	0.1249	0.0670876	-0.00514656	-0.0279835	-0.0206148	-0.00663999	0.0101976	-0.0132786	-0.0208754	-0.00953072	0.0739239	-0.0315401	-0.0371291	0.0489035	-0.00243875	-0.0325142	-0.0182667	-0.0192202	0.0363972	-0.0190503	-0.0255094	0.0333336	-0.0224506	-0.0304127	-0.00120008	-0.0145755	-0.0221113	-0.00611441	0.158768	-0.015733	0.00310386	-0.0259679	-0.0122977	-0.00193955	-0.0208259	-0.0164518	-0.0248658	-0.0184182
0.373532	0.614132	-0.0865193	-0.0896623	-0.349981	0.0454352	0.131164	-0.0637273	-0.0379386	1	-0.0487586	-0.0633062	-0.13153	-0.391551	-0.0816497	-0.0762219	0.525142	-0.0613096	0.223403	-0.307109	-0.212222	0.643546	-0.08567	-0.167717	-0.0595589	-0.110279	0.427476	0.672801	0.232426	-0.0675988	-0.323129	-0.0978695	-0.0836456	-0.0304125	0.467377	-0.107587	-0.112108	-0.0517362	-0.117517	-0.110366	0.0301587	0.627023	-0.147746	-0.268623	-0.0493486	0.0671972	-0.0883587	-0.138911	-0.117525	-0.246526	-0.031005	-0.136161	0.469128	-0.0854523	-0.0403567	0.191335	0.348847	-0.138222	-0.327977	-0.166428	-0.146648	0.588691	-0.176893	-0.0977293	-0.233135	-0.0512103	-0.1963	-0.17706	-0.0526863	-0.300682	-0.0322088	-0.0337483	-0.139049	0.721646	-0.0418575	-0.151806	0.237494	-0.0719552	-0.0395023	-0.0664009	-0.187123	-0.0718919	-0.137006	0.28014	-0.0888489	-0.187657	-0.136561	-0.138587	0.247716	-0.138361	-0.0954133	-0.207676	-0.259974	-0.0873352	-0.0684864	-0.181514	0.148319	-0.181316	-0.110888	-0.0773019	-0.0772686	-0.0427089	0.371204	0.480233	-0.0633049	-0.265816	0.513296	-0.0746353	0.365098	0.394774	-0.0412461	-0.0492529	-0.0514351	-0.187503	-0.03837	-0.083351	-0.0452333	-0.206782	-0.0911086	-0.113231	-0.146256	-0.0515457	-0.0537503	-0.107043	-0.047396	-0.072225	-0.0668779	0.252654	-0.0738404	-0.0746607	-0.0367643	-0.0596842	-0.0485011	-0.0323873	-0.192561	-0.00469465	-0.0499567	-0.0502105	-0.106136	0.341243	0.515322	-0.0869853	0.235004	-0.178131	-0.0871702	-0.0609307	-0.0720349	-0.038192	0.332278	-0.154328	-0.0888986	-0.149287	-0.0550914	-0.0486434	-0.122761	-0.0709559	-0.0389926	0.0473196	0.0363443	-0.0621225	-0.141776	-0.0316476	-0.0289203	-0.0498916	-0.165318	0.353181
-0.0605539	-0.0207447	-0.023089	-0.0350703	0.149156	-0.0966305	-0.0795247	-0.0111323	-0.0109972	-0.0487586	1	-0.016781	-0.0396079	0.131021	-0.0329833	0.570286	-0.100231	-0.023918	-0.00077738	-0.0925265	-0.0791337	-0.0670393	-0.0303656	-0.0361296	-0.013034	-0.0206706	-0.0721949	-0.0409753	-0.00800785	-0.021194	0.107392	-0.0401039	-0.0351549	0.00864085	-0.0689503	-0.0513321	-0.0324929	-0.00576718	-0.0227006	-0.0309391	-0.0282857	-0.0371138	-0.0392758	0.141475	0.00831485	-0.0395306	-0.024021	-0.0415948	-0.0344688	0.155822	-0.0403975	-0.0665383	-0.0463548	-0.0329316	-0.0269328	0.0893873	-0.0734088	0.0636383	0.0972957	-0.0502791	-0.0591916	-0.0586039	-0.0809815	-0.0258111	0.143891	-0.0240203	-0.0936318	-0.0622206	-0.0209332	0.121357	-0.037927	-0.0169139	-0.066856	-0.0438053	-0.00502685	-0.0774282	-0.0167892	0.150651	-0.0137758	-0.0195893	0.18433	-0.0133938	-0.0695676	0.094154	-0.0339441	-0.0811559	-0.00393774	-0.0270483	0.194103	-0.0543507	-0.0208179	0.137363	0.111504	-0.0428123	0.052164	-0.0564227	0.106688	0.186158	-0.0322863	-0.0286518	-0.0387787	-0.0158799	0.020956	-0.0603437	-0.0186541	0.114389	-0.0619644	0.121651	-0.0719833	-0.0797361	-0.00889549	-0.0108219	0.00709212	-0.0767426	0.00454389	-0.0225012	-0.0102968	0.106499	-0.0334401	-0.0352554	-0.0756965	0.00936484	-0.0141754	-0.033906	0.0047609	0.0257317	-0.0274484	-0.111027	-0.00829481	-0.0172166	-0.0482566	-0.0369751	-0.0179996	-0.00639334	-0.0754008	0.482462	-0.0165264	-0.0198506	0.264321	-0.0570781	-0.0477064	-0.0203835	0.0851776	-0.0739898	-0.0154508	-0.011692	-0.020869	-0.019327	-0.0262631	0.133082	-0.0458654	-0.0636184	-0.0230606	-0.00360795	-0.0415782	-0.0242894	-0.00639461	-0.0140388	-0.0015188	-0.0242395	-0.048842	0.268887	-0.0171901	0.00500368	-0.0431725	-0.0467262
-0.065165	-0.0387546	0.667928	-0.016027	-0.109542	0.169205	-0.0843305	-0.0198596	-0.0105387	-0.0633062	-0.016781	1	0.404935	0.140799	-0.0289584	-0.0268747	-0.108519	-0.0226942	-0.0134426	-0.0817775	-0.0561685	-0.0893791	-0.0366016	-0.0430872	-0.0244516	-0.0318677	-0.114696	-0.0433315	-0.0122809	-0.0180578	-0.0643417	-0.0431851	-0.0302473	-0.0172961	0.110386	-0.031403	0.363796	-0.0174277	-0.021461	0.359616	-0.0278029	-0.0784864	0.263225	-0.0501752	-0.0205184	-0.0257877	-0.0225561	0.247831	-0.0301599	-0.0433866	-0.0345208	0.157906	-0.0869272	-0.0304726	-0.0012722	-0.0297643	0.101939	-0.0377407	-0.0725749	-0.0133867	-0.0588415	-0.0648281	-0.0648612	0.314889	-0.0673347	-0.0104115	0.112589	-0.044733	-0.0192607	-0.080771	0.041474	-0.0127769	0.00590211	-0.053632	-0.0135475	0.136664	-0.0208357	-0.0136204	-0.00865207	-0.034189	-0.0272369	-0.022423	0.0121143	-0.0751398	-0.0287785	0.0922709	-0.0545431	0.0962104	-0.0224557	-0.0350408	-0.0630664	-0.034967	-0.000444598	-0.0246717	-0.0177164	-0.0803629	-0.0211854	-0.0218844	0.0577901	-0.0238663	-0.0147366	0.000206766	-0.0284661	-0.00160939	-0.02526	-0.00115022	0.092892	-0.00763549	0.0298284	-0.0670562	0.00660908	-0.010451	-0.0164798	0.121988	-0.0170275	-0.0174573	-0.00166839	0.08886	-0.0192138	-0.0281588	0.10238	-0.00895033	-0.00793868	-0.0269289	0.125737	-0.025414	-0.0277642	0.0720653	-0.0163366	-0.00717435	0.195068	-0.0223368	-0.0204207	-0.000110555	0.125223	-0.000602238	-0.0252411	-0.00573004	0.00832052	-0.0927135	-0.0566359	-0.0631544	0.0533709	-0.0835884	0.0732921	-0.00884858	-0.0254751	-0.0101148	-0.0302994	0.108363	-0.0646558	-0.0823292	-0.0532457	0.0116525	-0.030732	-0.0201437	-0.0212136	-0.0152107	-0.0223094	-0.000904099	-0.0682887	0.0368141	-0.00338723	-0.0184555	0.0155379	-0.0406909
-0.167334	-0.078448	0.581194	-0.0786185	-0.258645	0.372089	-0.155341	-0.0432375	-0.0413861	-0.13153	-0.0396079	0.404935	1	0.356124	-0.065135	-0.0636861	-0.25954	-0.0591613	-0.0295674	-0.241813	-0.170255	-0.206761	-0.0644561	-0.1277	-0.0385058	-0.100077	-0.244923	-0.0873916	-0.034437	-0.0473528	-0.0793765	-0.0814544	-0.0343202	-0.00451275	0.193621	0.181732	0.648682	-0.0313954	-0.0721414	0.638492	-0.0619032	-0.155077	0.462547	-0.0829971	-0.0351357	-0.0130631	-0.073305	0.449174	-0.0833825	-0.146532	-0.0585716	0.287203	-0.177698	-0.0458016	-0.0188358	-0.0302689	0.136485	-0.10213	-0.102807	-0.105288	-0.130388	-0.0961523	-0.0563254	0.532354	-0.1761	-0.0195525	0.241653	0.00136696	0.000388845	-0.19401	-0.0501505	-0.027443	-0.00910825	-0.084105	-0.0367641	0.278364	-0.0186657	-0.0401851	-0.0149818	-0.0576293	-0.0985999	-0.0584805	0.00248744	-0.16343	-0.054096	0.304075	-0.114387	0.208074	-0.102029	0.0402831	-0.145845	-0.107554	-0.0954542	0.108916	-0.0419784	-0.0971268	-0.111505	-0.089291	0.0115337	-0.0459364	-0.0182285	-0.0147453	-0.106037	-0.0579972	0.000151755	-0.09361	0.221283	-0.042128	0.0736355	-0.0370984	-0.0293935	-0.0161975	-0.0332163	0.292035	-0.0432661	-0.053245	-0.0304121	0.141411	0.102818	-0.068244	0.287127	0.0122331	-0.0291344	-0.0761882	0.0565668	-0.0664657	0.00894038	0.200473	-0.0293329	-0.00669158	0.392762	-0.0347581	-0.0271486	-0.0155509	0.260421	-0.0110339	-0.0444413	-0.0178571	-0.0488396	-0.159599	-0.0515568	-0.133187	0.105051	-0.118302	0.0130453	-0.0320119	-0.0746645	-0.0280746	-0.0299558	0.175493	-0.123182	-0.139919	-0.117495	-0.013269	-0.00606894	-0.0554683	-0.0369012	-0.0187396	-0.0387263	-0.0308563	-0.105094	-0.0172492	-0.0325975	-0.0290496	0.00122753	-0.035562
-0.468192	-0.231868	0.209885	0.2285	0.734758	-0.355407	-0.567714	0.149639	-0.0955965	-0.391551	0.131021	0.140799	0.356124	1	-0.162499	0.194474	-0.740428	-0.13	-0.085349	-0.653921	-0.485377	-0.563584	0.228074	-0.32055	-0.0897969	-0.23264	-0.700012	-0.264431	-0.0992002	0.178939	0.672003	-0.254005	-0.125292	-0.0548863	-0.350517	0.254573	0.200947	0.111162	-0.227018	0.193809	-0.0843592	-0.436381	0.048392	0.625562	-0.0986947	-0.15068	-0.175113	0.0436213	-0.24263	0.517171	-0.124772	-0.0735782	-0.488356	-0.13061	0.104699	-0.0660635	-0.416417	0.204712	0.494825	-0.0482768	-0.0979183	-0.320556	0.0684117	0.139834	0.106524	-0.0705772	0.13526	0.266578	-0.0316287	0.126058	-0.203014	-0.0840743	0.0679337	-0.288411	0.112097	0.124054	-0.0823061	-0.0373691	0.0968882	-0.188639	0.2114	-0.0877712	0.0962475	-0.0178076	-0.145474	0.24609	-0.0838111	-0.0307773	-0.0513635	0.291988	-0.186214	0.173532	0.0863102	0.21663	-0.0832247	0.0470063	-0.0512991	0.195688	-0.134823	0.00520584	0.157608	-0.0769983	-0.234568	-0.319802	-0.0950225	0.0992983	-0.157297	-0.0648132	-0.313513	0.0273072	0.12307	-0.0539781	0.11354	0.160099	-0.0472757	0.193561	-0.0568991	0.220819	0.218057	0.173427	0.331442	-0.0635176	0.0917493	0.187704	-0.050397	-0.0238103	-0.086288	0.0340382	0.0108412	-0.0908341	0.135282	0.050162	-0.141705	-0.0299163	0.268441	0.0535993	0.121963	-0.0515799	0.0780264	-0.420492	-0.29932	-0.22589	-0.0215836	0.0332917	-0.00652812	0.103841	-0.147401	0.0964094	-0.152461	0.222512	-0.167636	-0.0457644	-0.207352	0.0724825	0.254385	0.162919	-0.0487175	-0.0848594	-0.0274877	0.141939	0.0110437	0.129319	0.0696439	0.100564	0.220527	-0.199628
-0.0859661	-0.0521854	-0.0424734	-0.0331151	-0.0485612	0.124404	0.174669	-0.0232135	-0.0285631	-0.0816497	-0.0329833	-0.0289584	-0.065135	-0.162499	1	-0.0401896	0.214558	-0.0146355	-0.0081236	0.243787	0.333322	-0.111598	-0.0260219	-0.0581733	-0.0164993	-0.0402537	0.17286	-0.0522978	-0.0270838	-0.0441273	-0.124608	-0.0609368	-0.0298919	-0.0110418	-0.140401	-0.0443431	-0.0524436	-0.0144849	-0.0444127	-0.0503063	-0.0445602	-0.106323	-0.0616481	-0.104687	-0.0115041	-0.0421279	0.816504	-0.0621469	0.527456	-0.0834098	-0.0704454	-0.102258	0.216738	-0.0289211	-0.0112812	0.00429519	0.162411	-0.0334655	-0.120301	0.371865	0.266503	-0.0700505	0.21871	-0.0544362	-0.127192	-0.010958	0.167329	-0.0728235	-0.0168533	-0.13959	0.406227	-0.0213936	0.258992	-0.0593923	-0.00507193	0.20333	-0.0353211	-0.0263054	-0.013938	-0.0443587	-0.0776108	0.509405	0.251013	-0.128083	-0.0231445	-0.0899288	-0.0685804	-0.0945309	-0.074798	-0.0549214	0.268501	-0.086747	-0.113137	-0.0397226	-0.0353621	0.18973	-0.113044	-0.0694255	-0.0551608	-0.0392965	-0.0298141	-0.0392011	-0.136344	-0.0891375	-0.0223123	-0.11282	-0.0844642	-0.0216952	0.15586	-0.0971149	-0.0300787	-0.02078	-0.0129441	-0.0985686	-0.0221326	-0.0347593	-0.0176798	-0.100572	-0.0440631	-0.0343001	-0.0771284	-0.0182214	-0.0127775	-0.0439783	-0.027626	-0.0277445	-0.0253048	-0.148503	-0.0421022	-0.0414378	-0.045071	-0.0326056	-0.0273429	-0.0184243	-0.103855	-0.0240445	-0.0241899	-0.0253016	-0.0495138	0.169538	-0.0702051	0.261778	-0.129417	0.16081	-0.0534895	-0.0155545	0.618143	-0.00283931	-0.0299798	-0.0831911	0.218257	0.193897	0.242477	-0.0148009	-0.0562771	-0.0298895	-0.0166506	-0.0214915	-0.0248286	-0.0164167	0.16413	-0.029365	-0.0254604	-0.0159863	-0.0798781	-0.0472235
-0.0945345	-0.0410252	-0.032543	-0.0364734	0.225512	-0.140734	-0.116587	-0.0280543	-0.0180621	-0.0762219	0.570286	-0.0268747	-0.0636861	0.194474	-0.0401896	1	-0.148641	-0.0190026	-0.00964166	-0.140287	-0.105715	-0.115666	-0.0467721	-0.068671	-0.0181499	-0.0495649	-0.108295	-0.0582268	-0.0197824	-0.0231611	0.164946	-0.0584866	-0.0534869	-0.0157186	-0.0985007	-0.0534308	-0.0530362	-0.0220687	-0.0415259	-0.0539649	-0.0348807	-0.0478039	-0.0677344	0.206856	0.010915	-0.0487145	-0.034719	-0.0691003	-0.051873	0.195432	-0.0568652	-0.0986017	-0.0677375	-0.0530699	-0.0270015	0.0485515	-0.108643	-0.0130585	0.135959	-0.061285	-0.0814542	-0.0859945	-0.0823731	-0.04575	0.178318	-0.0288396	-0.103555	-0.0492641	-0.0241264	0.162425	-0.0573717	-0.0292076	-0.081484	-0.0700479	-0.0222951	-0.0996815	-0.0186676	0.0281421	0.115641	-0.0382769	0.225934	-0.0375296	-0.0834025	0.115701	-0.0353125	-0.0883256	-0.00494427	-0.0637976	0.231821	-0.0514429	-0.0327797	0.181168	0.145762	-0.0490147	0.0237674	-0.0666808	0.109335	0.231681	-0.0426404	-0.0232816	-0.0338867	-0.0160945	0.0200621	-0.088944	-0.0211391	0.0683965	-0.0883615	0.0127938	-0.101889	-0.015034	0.0420337	-0.0210295	0.00123649	-0.00537943	-0.0216013	-0.0331071	-0.00988838	0.0690962	0.0934652	-0.0400561	0.00592884	-0.0143321	-0.0279718	-0.0277722	0.00316462	-0.00377814	-0.0280749	-0.0655902	-0.019555	-0.0293184	-0.0551672	-0.0220958	-0.0235322	-0.0174205	-0.0100276	0.275738	-0.0181246	0.0310148	0.25255	-0.119582	-0.0747611	-0.0709796	0.0216464	0.00130971	-0.027291	-0.0203584	-0.036337	-0.0142788	-0.0428262	0.0863588	-0.0611187	-0.0549135	-0.0533679	-0.0222726	0.0565194	-0.0360421	-0.0278544	-0.00532137	-0.00732618	-0.0340837	0.0112593	0.171486	-0.022889	0.00103144	0.051288	-0.058161
0.0328341	0.322605	-0.154393	-0.164897	-0.612653	0.592414	0.716412	-0.105603	0.121758	0.525142	-0.100231	-0.108519	-0.25954	-0.740428	0.214558	-0.148641	1	0.143986	0.119281	0.331367	0.645064	0.174613	-0.162368	-0.315386	-0.065537	-0.225677	0.688302	0.362362	0.124588	-0.145583	-0.542447	0.3404	-0.124761	0.0936551	0.119329	-0.215596	-0.190816	-0.0903855	-0.221295	-0.185952	0.150778	0.305353	-0.161495	-0.511717	0.126406	-0.0471774	0.232235	-0.154957	0.297445	-0.4279	-0.190109	-0.264424	0.673679	-0.10775	-0.0727091	0.110884	0.64028	-0.241678	-0.532762	0.135894	0.0369502	0.301675	-0.118716	-0.0932799	-0.0674419	-0.0866768	-0.151952	-0.324318	-0.0911556	-0.20601	0.237393	0.112415	0.00892898	0.399764	-0.0782502	-0.0234141	0.122943	-0.0523961	-0.0774481	0.256717	-0.240161	0.132303	-0.0163564	-0.0357721	-0.0938262	-0.256946	0.155625	0.11777	0.0667842	-0.215168	0.264344	-0.319417	-0.304133	-0.170824	0.124589	0.0757536	-0.00523878	-0.224316	-0.00499599	-0.18945	-0.137703	0.113816	0.154319	0.315575	-0.115639	-0.310657	0.26825	0.00426043	0.467146	0.11543	-0.0983176	0.0134943	-0.0931203	-0.181221	0.0472258	-0.147319	-0.0831218	-0.346171	-0.176247	-0.160489	-0.257341	-0.111886	-0.0932265	-0.125722	0.0773046	0.0785984	-0.101069	0.0411973	0.0127086	0.0873903	-0.113763	-0.147253	0.191441	0.0523611	-0.195084	-0.0396728	-0.0857706	-0.0247714	-0.116981	0.425276	0.235229	0.31177	-0.00794167	0.00689876	-0.0163241	-0.114042	0.158563	-0.0708164	0.222871	-0.208763	0.161167	0.0700814	0.239239	-0.0840498	-0.192164	-0.125358	0.0425626	0.0251587	0.0519266	-0.118717	0.0654248	-0.0895999	-0.0457511	-0.0849795	-0.177383	0.159149
-0.0369757	-0.0343159	-0.0339891	-0.0335287	-0.102902	0.133563	-0.0754102	-0.0129983	-0.0191104	-0.0613096	-0.023918	-0.0226942	-0.0591613	-0.13	-0.0146355	-0.0190026	0.143986	1	-0.0262242	0.192967	0.271477	-0.0989479	-0.0250573	-0.0595898	-0.0175884	-0.0484409	0.0459645	-0.049824	-0.00528249	-0.0240267	-0.102605	-0.0402465	-0.0265984	-0.0139159	-0.115161	-0.0532419	-0.0510872	-0.0112658	-0.0435022	-0.0533911	-0.0206241	-0.0837162	-0.0605422	-0.0778036	-0.0151434	-0.0271693	-0.0234178	-0.0615234	-0.0394593	-0.0626764	-0.042328	-0.0772142	0.108946	-0.0220059	-0.0163819	-0.0233577	0.126119	-0.0378394	-0.102373	0.125698	0.174194	-0.0564527	0.0361147	-0.0523275	0.0396623	-0.021144	0.0029337	0.0698273	-0.0224781	0.0157335	-0.0364016	-0.0208721	0.0647331	-0.0513448	-0.00844871	0.0268625	-0.0147725	-0.0107359	0.00640018	-0.0324899	-0.0383552	-0.0236208	0.0628154	-0.0916762	-0.0147578	0.0453642	0.0992414	0.0499695	-0.0378459	0.11477	0.0718192	-0.0546377	-0.0706325	-0.0506469	-0.0113498	0.143436	-0.0698148	-0.0333401	-0.0328296	-0.0410366	-0.0344669	-0.0186989	-0.0885657	-0.0676531	-0.0175595	-0.0732535	-0.082648	-0.0194302	-0.0117047	0.0498432	-0.0157444	-0.0174995	-0.000636151	0.0435815	0.263393	-0.0231315	-0.00615305	-0.0784355	-0.0397444	-0.0279613	0.0657209	-0.0175644	-0.016151	0.205685	-0.0175607	-0.0196813	-0.0209632	-0.00836628	-0.0135471	-0.0333726	-0.0495487	-0.0335297	-0.0242035	-0.00856966	0.0408919	-0.00734793	-0.0165817	-0.00200509	-0.0123139	0.00436388	-0.0644658	0.0600367	-0.098959	0.0523313	-0.0241445	-0.0320408	-0.0168084	-0.00336081	-0.0264015	-0.0610944	-0.0291398	0.00344543	-0.0204374	-0.016563	0.118023	-0.0125443	0.205003	-0.00898151	0.215311	-0.0197888	0.0655722	0.00431238	-0.00761277	0.0049682	0.0852995	-0.0348208
0.185483	-0.0276723	-0.0001608	-0.0253722	-0.0771801	-0.0737212	-0.0594051	-0.00113274	0.00365379	0.223403	-0.00077738	-0.0134426	-0.0295674	-0.085349	-0.0081236	-0.00964166	0.119281	-0.0262242	1	-0.0755034	-0.0572643	0.153436	-0.0285099	-0.033273	-0.0200894	-0.0227455	0.097098	0.326785	-0.0142305	-0.0132331	-0.0722845	-0.0231317	-0.0152469	-0.00670215	0.109276	-0.0318371	-0.0253068	-0.0100523	-0.0277612	-0.024069	-0.0276742	0.146688	-0.0208117	-0.0628635	0.0214474	-0.0107363	-0.0108813	-0.0232283	-0.0223159	-0.0561453	-0.0260458	-0.0403045	0.124243	-0.0191559	-0.0108553	-0.0114655	0.0921051	-0.0269781	-0.0722175	-0.0400787	-0.053585	0.177588	-0.0613266	0.00285215	-0.0736505	-0.0122141	-0.0618077	-0.0563445	-0.0207082	-0.0901672	-0.0138909	-0.0038656	-0.0443072	0.214632	-0.0094543	-0.0420651	-0.00249272	-0.0198906	-0.0179427	-0.0202576	-0.044372	-0.00755899	-0.0459616	0.0811831	-0.0134196	-0.0477428	-0.0451502	-0.0359065	0.168877	-0.0477422	-0.0425818	-0.0559698	-0.0617362	-0.0287426	-0.0218363	-0.071746	0.0628571	-0.0419312	-0.0148576	-0.028648	-0.0164546	0.000120069	0.117576	0.152136	-0.00654494	-0.0600092	0.153862	-0.0241197	0.0953574	0.107574	-0.0087813	-0.0136563	-0.0116675	-0.0431361	-0.0164898	-0.0196544	-0.00839012	-0.0603117	-0.0323343	-0.0250229	-0.0543448	-0.0133751	-0.00405463	-0.0362413	0.0130386	-0.0301725	-0.00344503	0.0833936	-0.00986971	-0.00945709	-0.021129	-0.0193916	-0.0132601	-0.00528232	-0.0511454	0.00338816	-0.0124359	-0.0119812	-0.0283288	0.0895397	0.159834	-0.0314897	0.0792056	-0.0628068	-0.0222604	-0.0144072	-0.00883614	-0.0127282	-0.0349605	-0.04912	-0.0318472	-0.0487032	-0.028178	-0.0032425	-0.0465235	-0.0182096	-0.0088793	0.0290693	-0.0131372	-0.000649864	-0.0564941	-0.0220677	-0.00447354	-0.0155519	-0.0533234	0.235387
0.207401	-0.188585	-0.132035	-0.10327	-0.4538	0.291223	0.387947	-0.106286	0.131889	-0.307109	-0.0925265	-0.0817775	-0.241813	-0.653921	0.243787	-0.140287	0.331367	0.192967	-0.0755034	1	0.718294	0.122425	-0.156134	0.519752	-0.0295941	0.381152	0.460202	-0.219274	-0.0618943	-0.128238	-0.511773	0.372594	0.253428	0.092975	0.0353419	-0.201776	-0.173568	-0.0742845	0.348003	-0.168314	0.0848088	0.0138631	0.0118275	-0.419325	-0.0907334	0.121678	0.251349	0.0152854	0.310616	-0.344429	0.179592	0.134	0.191067	0.246661	-0.0749636	-0.066563	0.21384	-0.0874627	-0.292826	0.170572	0.226093	-0.0818851	0.0611392	-0.162548	0.0989866	0.121742	-0.0450659	-0.132279	0.133586	0.138193	0.223406	0.122804	0.0226634	-0.229607	-0.0752128	-0.0780846	-0.088595	0.110518	-0.0726833	0.272984	-0.0748458	0.146416	0.0107789	-0.170758	0.211582	-0.159669	0.227945	0.101377	-0.127277	-0.179233	0.301165	-0.00580518	0.107935	-0.149602	0.146956	0.129519	-0.0255733	-0.0621123	0.197187	0.0736297	-0.133326	0.125271	-0.0516901	-0.0363071	0.152826	0.10241	-0.271559	0.14023	0.0362839	-0.306306	-0.0933833	0.0339031	-0.0635199	-0.0842752	0.0898529	-0.122022	0.105411	-0.0588372	-0.149275	-0.0770455	-0.227374	0.118379	-0.0548069	-0.0985229	-0.0599536	0.0920135	0.147315	-0.269902	0.0570575	0.0655463	-0.0954537	0.0106165	0.20793	0.0736252	-0.194375	-0.0522768	-0.0753809	0.0338807	-0.00760516	0.222609	-0.057374	0.276271	-0.15516	0.110804	0.0459199	-0.0523049	0.211492	-0.0609976	-0.0799413	-0.129139	0.263027	0.178963	0.270396	-0.0384336	-0.180232	-0.102049	0.0926252	0.0109511	0.00467846	-0.0968953	0.0968937	-0.101841	-0.0381796	-0.0529007	-0.131799	-0.0496512
-0.24454	-0.125989	-0.0903785	-0.104855	-0.383974	0.595654	0.644431	-0.0723017	0.182138	-0.212222	-0.0791337	-0.0561685	-0.170255	-0.485377	0.333322	-0.105715	0.645064	0.271477	-0.0572643	0.718294	1	-0.341766	-0.103534	-0.208041	-0.05319	-0.155786	0.470116	-0.156608	-0.0414009	-0.106095	-0.416553	0.523305	-0.0658538	0.145582	-0.242692	-0.146838	-0.109725	-0.0586752	-0.14115	-0.105913	0.163861	-0.169098	-0.139208	-0.350197	-0.0680728	-0.105845	0.34707	-0.132496	0.456812	-0.294339	-0.179092	-0.237891	0.414955	-0.0534663	-0.0500118	-0.0292978	0.496941	-0.153898	-0.359602	0.315225	0.194698	-0.162598	0.0414683	-0.109242	0.151273	-0.0507386	-0.0321056	-0.202627	-0.0544865	0.0543489	0.315917	0.170981	0.151452	-0.153358	-0.0409841	0.0726845	-0.0622405	0.00974802	-0.0534332	0.385583	-0.124754	0.211357	0.12119	-0.279768	-0.0406996	-0.18426	0.341729	0.231734	-0.146368	-0.11456	0.424416	-0.186936	-0.120224	-0.115395	0.209853	0.282225	-0.108349	-0.110396	0.0977423	-0.137515	-0.0892	0.186108	-0.140032	-0.039644	-0.0747412	-0.12036	-0.184249	0.0787646	0.209128	-0.196673	-0.0728003	0.0647364	-0.0552008	-0.0860364	0.0943003	-0.0900598	-0.0542916	-0.212	-0.114368	-0.0707426	-0.158103	-0.0711778	-0.0625701	-0.0445178	-0.0334776	0.160527	-0.0528698	-0.202814	0.0885881	0.099775	-0.0914279	-0.107604	0.296983	0.0982553	-0.101395	-0.0437749	-0.0410016	-0.0554704	-0.0661322	0.235601	-0.160098	0.41184	-0.23733	0.183305	0.0615801	-0.0743517	0.245595	-0.0389243	-0.0183577	-0.145426	0.284014	0.229677	0.338543	-0.0545816	-0.108018	-0.0768668	0.093691	-0.063284	0.0276449	-0.0757912	0.210453	-0.0759958	-0.0201005	-0.0496019	-0.0582157	-0.117222
0.725509	0.391761	-0.127075	-0.0886523	-0.388281	-0.209643	-0.0557572	-0.0938861	-0.0562154	0.643546	-0.0670393	-0.0893791	-0.206761	-0.563584	-0.111598	-0.115666	0.174613	-0.0989479	0.153436	0.122425	-0.341766	1	-0.140997	0.599748	0.097954	0.454799	0.39947	0.459981	0.159452	-0.0882959	-0.434357	-0.172655	0.264831	-0.0647077	0.670671	-0.174411	-0.126037	-0.0652846	0.401419	-0.122309	-0.0361884	0.689417	0.0241745	-0.344547	-0.0581799	0.278083	-0.128431	0.0233902	-0.143099	-0.299899	0.328884	0.281908	0.191415	0.250344	-0.0684793	0.11325	0.0349738	-0.0704118	-0.230052	-0.222297	-0.0454607	0.555476	-0.103698	-0.152746	-0.245444	0.135916	-0.165641	-0.106373	0.152898	-0.169043	-0.0495362	-0.0571663	-0.214143	0.493597	-0.0797768	-0.261427	0.159568	0.0463904	-0.0598816	-0.129405	-0.12257	-0.10051	-0.195872	0.307448	0.187715	-0.158231	-0.205224	-0.236359	0.202579	-0.20323	-0.16919	-0.0110691	0.0278438	-0.1255	-0.0916483	-0.290103	0.193162	-0.117975	0.0669366	0.137611	-0.122825	-0.0766257	0.429568	0.421494	0.176997	0.0165764	0.305546	0.0118927	0.131167	0.181187	-0.0605161	0.0173191	-0.0611443	-0.139921	-0.0600643	-0.121182	0.12607	-0.0421577	-0.127866	-0.116166	-0.214191	0.145893	-0.0441825	-0.153906	-0.068175	-0.108346	0.143813	0.130578	-0.0847076	-0.0602837	-0.0415006	0.0595926	-0.0990308	-0.0431369	-0.247165	-0.0167148	-0.0887489	0.0513316	-0.0359923	0.283478	0.511327	-0.174304	0.247977	-0.20968	-0.0371959	-0.0362887	-0.0655475	-0.0604117	0.206556	-0.128512	-0.0646248	-0.154845	-0.0809922	-0.0315632	-0.198698	-0.0994244	-0.0558782	0.107208	0.00907249	-0.0850922	-0.220995	-0.0674406	-0.041646	-0.052625	-0.200867	0.344295
-0.103909	-0.054095	-0.0387507	-0.0307409	0.254906	-0.166067	-0.13426	-0.0383308	-0.0253701	-0.08567	-0.0303656	-0.0366016	-0.0644561	0.228074	-0.0260219	-0.0467721	-0.162368	-0.0250573	-0.0285099	-0.156134	-0.103534	-0.140997	1	-0.0911251	-0.00914454	-0.0649719	-0.174426	-0.0633222	-0.0176298	-0.0470058	0.206779	-0.073202	-0.0397102	-0.00945958	-0.139964	-0.046519	-0.0197698	-0.0275368	-0.046177	-0.018116	-0.0506149	-0.119703	-0.059445	0.270413	-0.0356658	-0.0264087	-0.00916236	-0.0583417	-0.012806	0.269787	-0.0646815	-0.0929937	-0.125052	-0.0355409	-0.022633	-0.0284546	-0.137865	-0.0716538	0.18344	-0.0574233	-0.0790731	-0.0886407	-0.112216	-0.0589062	0.220001	-0.0259313	-0.145365	-0.107354	-0.0210876	0.179378	-0.0221508	-0.0285333	-0.0810272	-0.0770864	0.433463	-0.114273	-0.0125026	-0.000530864	-0.0166195	-0.0657486	0.316776	-0.0128101	-0.0733262	0.165841	-0.0439447	-0.106705	-0.0574238	-0.0718967	0.123745	-0.0750513	-0.0538914	0.222947	0.181083	-0.0423024	0.014918	-0.0994161	0.0954536	0.296212	-0.0491976	-0.0445625	-0.0384196	-0.0172735	0.0149812	-0.100126	-0.0446373	0.173309	-0.0945134	-0.0121764	-0.11946	-0.117712	-0.0231942	-0.0162054	-0.0245776	-0.103333	-0.0136778	-0.028291	0.0195294	0.190276	-0.0386536	0.195618	-0.0744263	0.00656257	-0.0185386	-0.0418417	-0.032718	0.00258715	-0.0497585	-0.163257	-0.0274596	-0.0349313	-0.0251526	-0.0455012	-0.0548517	-0.0146288	-0.0961475	-0.0077327	0.403874	-0.0293106	0.192103	-0.111875	-0.0877373	0.0461213	0.0472713	-0.0293489	-0.025446	-0.012175	-0.0218	0.00448868	-0.0453445	0.131773	0.0166095	0.00524905	-0.0590976	-0.0161663	-0.0595067	-0.0213968	-0.0133877	-0.0413408	-0.025221	-0.0197384	-0.0963677	0.321723	-0.0171872	-0.0290664	-0.0752532	-0.0808641
