1	-0.0242542	-0.0450986	-0.0247003	0.266398	-0.0262954	0.613123	-0.0236896	-0.158659	-0.0656729	-0.0506417	-0.0734792	-0.0266574	-0.006591	-0.0543127	-0.0449869	-0.0404439	-0.0244507	-0.0466211	-0.0976107	-0.0891083	-0.0209526	-0.121243	0.268607	-0.0513455	-0.016565	-0.0269554	-0.0616018	-0.0509108	-0.0167288	-0.0394373	-0.017346	-0.0461205	-0.0264273	0.195673	-0.117128	-0.0146723	0.764112	-0.0119048	-0.0194649	-0.0347265	-0.0269043	-0.0891096	-0.0255218	-0.00837156	0.254775	-0.0982393	-0.0106092	-0.0030932	-0.0333153	-0.0366098	-0.0128721	-0.0313134	-0.0715857	-0.0133514	-0.0395767	-0.0179996	-0.0881465	-0.0357859	-0.0358354	0.15985	-0.0252076	-0.0304363	0.153901	-0.0131559	-0.0207902	-0.0348586	0.0561239	-0.0331756	-0.0472523	-0.00922478	-0.025078	-0.0288577	0.299412	-0.0488156	-0.00748032	-0.0132223	-0.0242322	-0.0200663	0.0889529	-0.0231177	-0.0343416	-0.0374927	-0.0144329	-0.0114602	-0.00217894	-0.022829	-0.0217228	-0.045764	-0.0126323	0.344076	-0.0213051	-0.0340498	-0.0209141	0.00963946	-0.003726	-0.0226065
-0.0242542	1	-0.038177	-0.0254153	-0.0649154	-0.0125958	-0.0162956	-0.012035	0.124672	0.294995	-0.0133565	-0.0742519	-0.0267781	-0.0390372	-0.0267978	-0.0379843	-0.031302	-0.0146858	-0.0173348	-0.08781	0.146844	-0.0126246	0.11504	-0.0372269	-0.0360513	-0.0116765	-0.0169547	-0.073784	-0.0180412	-0.0179971	-0.0427781	-0.00802784	-0.0190769	-0.0215384	-0.0620363	0.119839	-0.0312317	-0.0226159	-0.0208426	-0.0190767	-0.0430605	-0.0281278	-0.105334	-0.0179513	-0.0292703	-0.0305603	0.133614	-0.0223187	-0.0281152	-0.0385955	-0.0301772	-0.00693602	-0.040374	-0.0897957	-0.0247669	-0.0342006	-0.00676815	-0.0789135	-0.0185616	0.124985	-0.0429168	-0.029381	-0.0205511	-0.0525606	-0.0114691	-0.0180416	-0.0125429	-0.0308453	-0.0309247	0.113886	-0.0193926	-0.0154353	-0.0320032	-0.0176074	-0.0311342	0.143877	-0.0173246	-0.0238228	-0.0156747	-0.0823342	-0.0192511	-0.0213087	0.331529	-0.0318933	-0.0335855	-0.00963511	-0.0357253	-0.0154537	0.257345	-0.0195492	-0.00572216	-0.0210657	-0.0288295	-0.0162105	-0.029626	-0.0195722	-0.014187
-0.0450986	-0.038177	1	0.541608	-0.146268	-0.0444621	-0.0339536	-0.0147226	0.283164	-0.0949745	-0.048226	-0.167537	-0.0375398	-0.0964772	-0.0757038	0.162604	-0.0476846	-0.0375545	-0.057256	-0.0704288	0.185933	-0.0304091	0.135679	0.0270917	-0.0749008	-0.0306852	-0.0148586	0.236807	0.124275	0.361641	-0.0676067	-0.0173865	-0.0654066	-0.032925	-0.0230181	-0.19512	-0.053385	-0.0445426	-0.0365794	-0.0062858	-0.0815783	0.626016	0.154424	0.034097	-0.0608538	-0.0841395	-0.0896197	-0.0401786	-0.0305372	-0.0784618	-0.0381356	-0.0299295	-0.0837251	0.180095	0.0378083	-0.0746257	-0.0345757	0.219411	-0.0403151	-0.0906083	-0.0935595	0.371123	0.189025	-0.110071	-0.028253	-0.0293936	-0.0109334	-0.00552076	-0.0295637	-0.0894187	-0.0441333	-0.0146178	-0.0753334	-0.0425452	-0.0656238	-0.121286	-0.034004	-0.0278908	-0.0212112	0.161329	-0.0118445	-0.0317814	-0.0626815	-0.0541826	-0.0442734	-0.0271313	-0.0586626	-0.0168753	-0.0850185	-0.0332039	-0.0356691	0.261604	0.139385	-0.025664	0.12657	-0.012704	-0.0412243
-0.0247003	-0.0254153	0.541608	1	-0.0764058	-0.0247334	-0.0133244	-0.00729932	0.151517	-0.049106	-0.027264	-0.0922224	-0.0196416	-0.052047	-0.0396317	-0.0501736	-0.0252577	-0.0123793	-0.0261077	-0.111784	0.152854	-0.0165131	0.125968	-0.0261525	-0.036591	-0.00828441	-0.00684286	0.184531	-0.0312606	-0.0223001	-0.0346037	-0.00595348	-0.031304	-0.022692	-0.0406989	-0.115262	-0.0252618	-0.0217025	-0.0208591	-0.0180462	-0.0424149	0.53078	0.125089	0.0897494	-0.0395108	-0.0227817	-0.106515	-0.0178	-0.0221062	-0.0410005	-0.0152285	-0.0159226	-0.046892	0.134845	-0.0247176	-0.046169	-0.0193928	0.157562	-0.0242914	-0.102048	-0.03155	0.369217	-0.0190719	-0.0447491	-0.0124117	-0.0208351	-0.0266762	-0.0278047	-0.0268574	-0.116006	-0.0162093	0.00652927	-0.0408179	0.00337025	-0.0331382	-0.085988	-0.0262061	-0.0105672	-0.0216658	0.153727	-0.00977618	-0.0337305	-0.0384871	-0.0400457	-0.0184157	-0.0135448	-0.023139	-0.00292983	-0.0570091	-0.0137821	-0.0153364	-0.0195309	-0.026031	-0.0130927	-0.0265124	-0.00454265	-0.0261183
0.266398	-0.0649154	-0.146268	-0.0764058	1	-0.0807972	0.185672	-0.0564271	-0.520121	-0.23042	-0.121402	-0.364596	-0.0952691	-0.199851	-0.168473	-0.141318	-0.13308	-0.0960747	-0.126213	-0.443756	-0.374472	-0.051301	-0.460767	0.376059	0.45723	-0.0629468	-0.0554031	-0.209725	-0.131427	-0.0485107	0.0581096	0.131965	0.0075782	0.0365738	0.334192	-0.0843409	0.047447	0.231779	-0.049443	-0.066581	0.0262408	-0.0634335	-0.203268	0.136695	-0.14639	0.336292	-0.0725433	-0.0590925	-0.0608245	-0.0823676	-0.012001	-0.0399054	-0.0699592	-0.155647	-0.0610185	0.0269616	-0.0487534	-0.153711	0.0971993	-0.12894	0.275032	-0.00953685	-0.079113	0.233982	-0.0423587	0.0443979	0.0662882	-0.107429	-0.0704421	-0.119435	0.142009	-0.0486952	0.067459	0.329359	-0.0631316	-0.0696172	0.0419623	-0.0434799	0.1234	0.11523	0.153221	-0.0361878	-0.132559	-0.0866415	-0.062565	0.206589	0.0528621	-0.0688256	-0.164307	-0.0680164	0.161129	-0.050417	0.0693478	0.165161	0.0782813	-0.0542933	0.184709
-0.0262954	-0.0125958	-0.0444621	-0.0247334	-0.0807972	1	-0.022595	-0.01768	-0.134012	-0.0535088	-0.0410352	0.230194	-0.0191123	-0.0406574	-0.0490259	-0.0374231	-0.031414	-0.0318537	-0.0416592	0.180175	-0.0596543	-0.0104375	-0.100039	-0.0797688	-0.0550697	-0.0291053	-0.00966464	-0.0348057	-0.0430332	-0.0176488	-0.0313218	-0.012382	-0.0355978	-0.0261415	-0.0769358	0.106777	-0.0170357	-0.0204168	-0.0126638	-0.0207249	0.284297	-0.0349669	0.120197	-0.0237036	-0.0301018	-0.0618376	-0.0474531	-0.0112916	-0.00281405	0.255633	-0.0151752	-0.0251304	0.264447	0.106768	-0.0278516	0.28049	0.488637	-0.055135	-0.0122337	-0.0468626	-0.0677413	-0.0422915	-0.022042	0.130275	-0.00779328	-0.0198385	-0.0276971	-0.0281675	-0.0343936	-0.0594145	0.00201147	-0.0152883	0.192553	0.0214384	-0.0396011	-0.0318703	-0.0263845	0.000366689	-0.0191699	-0.0399106	0.0167581	0.23889	0.0419819	-0.017318	-0.0155967	-0.0200303	-0.0101765	-0.0160086	0.017619	-0.0201773	-0.017855	-0.0108255	-0.00387741	0.00683624	-0.00719137	-0.0286199	-0.0100964
0.613123	-0.0162956	-0.0339536	-0.0133244	0.185672	-0.022595	1	-0.0133515	-0.100513	-0.0411077	-0.0282803	-0.0635171	-0.0139696	-0.0346801	-0.033084	-0.0255318	-0.0249137	-0.0115053	-0.0237082	-0.0769967	-0.0307964	-0.00860838	-0.0428866	0.158588	-0.0266676	-0.00970418	-0.0173047	-0.00270723	-0.0239443	-0.00441744	-0.0335945	-0.00752152	-0.0247672	-0.0184139	0.105659	-0.0907566	0.00254629	0.408421	-0.012511	-0.00598168	-0.0187564	-0.0245203	-0.0220818	-0.0234665	-0.0353408	0.139378	-0.0780113	-0.0165905	0.00858519	-0.0143284	-0.0268504	-0.0113601	-0.0196305	-0.0119727	0.00145945	-0.0290449	-0.0186122	-0.0569913	-0.0225548	-0.0351835	0.119373	-0.0212368	-0.0139098	0.112971	-0.0115828	-0.00920273	-0.0268259	-0.0269977	-0.0142095	-0.0403393	0.0052024	-0.0144294	-0.0143345	0.211162	-0.0357814	-0.0117499	-0.0110716	-0.00758801	0.00118819	0.063773	-0.0123821	-0.0258847	-0.0268397	-0.0173782	0.00761258	0.000562608	-0.00497364	-0.0105104	-0.0365917	-0.0149553	0.452867	-0.0112076	-0.0264439	-0.0220214	-0.0281954	-0.00658054	-0.0168468
-0.0236896	-0.012035	-0.0147226	-0.00729932	-0.0564271	-0.01768	-0.0133515	1	0.0956285	-0.048478	-0.0180478	-0.0540699	-0.0234615	-0.0278334	0.308481	-0.019492	-0.0193009	-0.0125097	0.391961	0.122412	-0.0780999	-0.0105094	-0.0767715	0.187678	-0.0255309	0.00523217	-0.0137772	-0.0491273	0.286232	0.0726971	-0.0152976	-0.0079016	-0.0163177	-0.00458304	0.143679	-0.0835242	-0.0192315	-0.0167553	-0.00287453	0.00974847	-0.0245696	-0.0104516	-0.0523081	-0.0192084	-0.0327872	-0.0176612	0.0537957	-0.0185707	-0.00216411	-0.0128723	-0.016255	0.00395049	-0.00298766	-0.0462323	-0.00584435	-0.00738606	-0.0147683	-0.0446315	-0.0163468	0.0464085	0.00351095	-0.00772906	0.341431	0.000269605	0.00397132	0.000119431	-0.00161303	-0.0273018	-0.01382	0.0445241	-0.0131634	-0.00910517	-0.0166833	0.00104644	-0.026486	-0.0629458	0.0039259	-0.0233151	-0.0242868	-0.0264131	-0.0295443	-0.0108831	-0.0281644	0.0115179	-0.0283828	0.0145703	-0.0303023	0.00977527	-0.0195374	-0.0204886	-0.0161476	0.248542	0.148859	-0.0163563	0.139107	-0.0182445	-0.0122755
-0.158659	0.124672	0.283164	0.151517	-0.520121	-0.134012	-0.100513	0.0956285	1	0.462669	0.215942	-0.571208	0.187853	-0.315561	0.240555	-0.116003	0.265675	-0.115166	0.240256	-0.362845	0.732137	0.0404337	0.622331	-0.159695	-0.249347	-0.0114047	0.110518	0.368802	0.119615	0.0940353	0.00130525	-0.0448865	-0.00802453	0.040809	-0.105985	-0.21937	-0.0659733	-0.12298	0.053173	-0.0192334	-0.0371157	0.163618	0.227259	-0.0425643	-0.23808	-0.158702	-0.101761	-0.123584	-0.106745	-0.0171573	0.111069	-0.0550953	0.0132006	0.216843	-0.0602706	-0.0162641	-0.0359235	0.232971	-0.119705	-0.0525606	-0.143992	0.109753	0.0187189	-0.11375	0.088687	0.0085259	-0.0736419	-0.181432	0.15171	-0.0298985	-0.0597621	-0.0609555	-0.0293754	-0.157484	0.097062	-0.0805655	0.00926422	0.0611292	-0.0894449	0.0358658	-0.0469534	0.0181134	0.228048	-0.0914696	0.0694815	-0.106967	0.0268191	-0.0871462	0.142404	0.117677	-0.0951535	0.0637134	0.00809738	-0.0840127	-0.00692603	0.0980866	-0.101067
-0.0656729	0.294995	-0.0949745	-0.049106	-0.23042	-0.0535088	-0.0411077	-0.048478	0.462669	1	-0.0726556	-0.254425	0.408002	-0.145666	-0.12501	-0.100845	0.576327	-0.0250165	-0.0937223	-0.318327	0.522202	-0.0387336	0.417591	-0.164751	-0.107975	-0.051485	0.239357	-0.0630747	-0.081009	-0.0470013	-0.118677	-0.0411675	-0.0712267	-0.0472029	-0.22473	0.23723	-0.0616006	-0.0631539	-0.0450911	-0.0516946	-0.12765	-0.0542162	-0.180405	-0.0402614	-0.114443	-0.137922	0.292003	-0.0600714	-0.0478167	-0.0713995	0.188724	-0.0411215	-0.0966202	-0.139243	-0.0535862	-0.0848984	-0.0181539	-0.113422	-0.0400607	0.278915	-0.1576	-0.0812989	-0.0736033	-0.161417	-0.0419113	-0.0640546	-0.0757109	-0.0997112	-0.079186	0.222915	-0.0756745	0.00361681	-0.0878893	-0.0868316	0.130335	0.197305	-0.0415951	-0.0481784	-0.0443376	-0.143259	-0.0569601	-0.0511177	0.530592	-0.0779915	-0.0784049	-0.0443097	-0.104626	-0.0516166	0.406861	0.284075	-0.052151	-0.0505832	-0.0934536	-0.0607409	-0.0970522	-0.0443482	-0.0425287
-0.0506417	-0.0133565	-0.048226	-0.027264	-0.121402	-0.0410352	-0.0282803	-0.0180478	0.215942	-0.0726556	1	-0.113384	-0.0436833	-0.0611194	-0.0659308	-0.031325	-0.0507238	-0.038004	-0.0460405	-0.151179	0.122981	-0.013293	0.199444	-0.0857735	-0.0518792	-0.0334477	-0.0266474	0.248603	-0.0515871	-0.0185412	0.00470442	-0.018097	-0.046438	0.0863141	-0.0695031	-0.14957	-0.0530001	-0.0139796	-0.0109439	-0.0253233	-0.00682322	-0.0317066	0.18909	-0.0337962	-0.0519729	-0.0733029	-0.132434	-0.0294212	-0.00575834	-0.00816202	-0.0402221	-0.0242047	-0.0203109	0.210776	-0.011287	-0.0116924	-0.0269231	0.218699	-0.0319614	-0.129505	-0.0724943	-0.0343768	-0.036217	-0.0638178	-0.0167305	-0.0122161	-0.0236008	-0.0466796	0.558694	-0.136092	-0.0438144	-0.00442197	-0.0319041	-0.0356848	-0.0418058	-0.0989093	0.0445958	-0.0194994	-0.0211002	0.164659	0.0512411	-0.00273518	-0.0544532	-0.0377555	-0.0253945	-0.0262715	-0.0463271	-0.0328283	-0.0738177	-0.0241321	-0.0235083	-0.0284663	-0.0518271	-0.0355657	-0.0534066	-0.00825354	-0.0162909
-0.0734792	-0.0742519	-0.167537	-0.0922224	-0.364596	0.230194	-0.0635171	-0.0540699	-0.571208	-0.254425	-0.113384	1	-0.110275	0.548846	-0.188436	0.268725	-0.157849	0.257515	-0.143196	0.784409	-0.41311	0.00851301	-0.246228	-0.175734	-0.15304	-0.0790026	-0.060815	-0.193273	-0.00729123	-0.0609274	-0.118536	-0.0716137	0.00441167	-0.076143	-0.234645	0.340974	-0.0477367	-0.0819228	-0.00733359	0.0888541	0.0200615	-0.11822	-0.0790985	-0.0759751	0.394573	-0.137575	0.197486	0.19805	0.181587	0.0434996	-0.106561	0.100976	0.0527456	-0.0811041	0.126028	-0.00264091	0.0862902	-0.101862	0.0454321	0.200509	-0.134741	-0.107653	-0.0317794	-0.0900647	-0.0540453	-0.0484666	0.0239559	0.304957	-0.100253	0.136059	-0.0769425	0.114327	-0.0349004	-0.131842	-0.041309	0.17358	-0.0460658	-0.0230742	-0.01654	-0.139814	-0.0932351	0.0161445	-0.101419	0.187108	-0.0167454	-0.076311	-0.0822695	0.0395793	0.0220815	-0.059007	-0.046213	-0.0211097	-0.0797767	-0.0706232	-0.070879	-0.0531132	-0.0631621
-0.0266574	-0.0267781	-0.0375398	-0.0196416	-0.0952691	-0.0191123	-0.0139696	-0.0234615	0.187853	0.408002	-0.0436833	-0.110275	1	-0.0570569	-0.0486657	-0.0384708	-0.0312292	-0.0235696	-0.0415238	-0.0979002	0.190655	-0.0137767	0.173932	-0.0618331	-0.0512268	-0.0211182	0.577467	0.237714	-0.0313159	-0.0194434	-0.0502974	-0.00711333	-0.021271	-0.0209572	-0.094034	-0.145653	0.0345353	-0.0236626	-0.0171417	-0.0137629	-0.0520537	-0.0339935	0.155787	-0.00426502	-0.0542957	-0.0575136	-0.112299	-0.0314656	-0.0104993	0.0422926	0.548471	-0.0186399	-0.0171786	0.1552	-0.0169758	-0.00334273	0.0591298	0.155867	-0.0218129	-0.0806471	-0.0655681	-0.0350985	-0.0363644	-0.0500155	-0.0127378	-0.0177353	-0.0289199	-0.0458297	-0.0321285	-0.117592	-0.0405634	0.0743677	-0.0198638	-0.0396386	-0.0365525	-0.0898596	-0.0120051	-0.0161635	-0.028951	0.126858	-0.0362457	0.00157787	-0.0461482	-0.0354706	-0.0284266	-0.0202042	-0.0460114	-0.0323795	-0.060279	-0.0329491	-0.0180936	-0.0293333	-0.049633	-0.0348657	-0.0513515	-0.0086978	-0.013991
-0.006591	-0.0390372	-0.0964772	-0.052047	-0.199851	-0.0406574	-0.0346801	-0.0278334	-0.315561	-0.145666	-0.0611194	0.548846	-0.0570569	1	-0.0971596	-0.0899264	-0.0896034	-0.0679328	-0.0773735	0.440569	-0.207072	0.0568251	-0.25019	-0.152569	-0.0431881	-0.0327289	-0.0333488	-0.168197	-0.0788619	-0.0222509	-0.0239844	-0.0465559	-0.0742755	-0.0390939	-0.144229	0.273057	-0.0333592	-0.0339438	0.0452679	0.200066	-0.0510863	-0.0673385	-0.108388	-0.0417798	0.655592	-0.122486	0.206337	0.351109	-0.0307782	-0.0520927	-0.0591679	-0.0191809	-0.0271562	-0.0896789	-0.0311299	-0.0718862	-0.0380529	-0.0577586	-0.0496427	0.20097	-0.110751	-0.0352104	0.00864467	-0.145097	-0.0252533	0.000981734	0.107418	0.513324	-0.0424442	0.182422	-0.0539058	-0.0409806	-0.080898	-0.0778074	-0.0837696	0.231097	-0.0140123	0.0311397	0.0400123	-0.121875	-0.0550019	-0.0610075	-0.0965012	-0.0283484	-0.00236151	-0.043645	-0.0382475	-0.0270589	-0.0945562	-0.0532648	-0.0323885	0.0353255	-0.00972198	-0.035382	0.0141945	-0.0245738	-0.0324977
-0.0543127	-0.0267978	-0.0757038	-0.0396317	-0.168473	-0.0490259	-0.033084	0.308481	0.240555	-0.12501	-0.0659308	-0.188436	-0.0486657	-0.0971596	1	-0.0701621	-0.0739505	-0.049818	0.765842	0.37045	-0.214964	0.214266	-0.164412	0.143438	-0.0725304	0.260347	-0.026144	-0.17616	0.377415	-0.00373763	0.268504	-0.0351651	0.269572	-0.0424451	0.372799	-0.186675	0.194808	-0.0440875	0.247245	-0.0285754	0.147864	-0.0635534	0.0314846	0.00207006	-0.0549956	0.157331	-0.146752	-0.0307125	-0.0429619	0.171022	-0.0465336	-0.0324491	0.157997	-0.141881	-0.0259433	0.0747453	0.0600039	-0.147983	-0.0494255	-0.0784908	0.17572	-0.0789019	0.211238	0.200049	0.199643	-0.0560523	-0.0398395	-0.0662421	-0.0178275	0.1171	0.116673	-0.0310777	0.086646	-0.017844	0.188712	-0.0723098	-0.0109018	-0.038435	-0.0488006	-0.135205	0.0117205	0.010491	-0.0632013	0.0753429	-0.0550111	-0.0253787	0.0502559	0.178226	-0.00840752	-0.0505114	-0.0280063	0.0437448	0.131703	0.0269519	0.128532	-0.035917	-0.0337229
-0.0449869	-0.0379843	0.162604	-0.0501736	-0.141318	-0.0374231	-0.0255318	-0.019492	-0.116003	-0.100845	-0.031325	0.268725	-0.0384708	-0.0899264	-0.0701621	1	-0.0592831	-0.0521612	-0.0501638	0.313954	-0.199098	-0.0153545	-0.00314181	0.0189674	-0.0747712	-0.0322015	-0.00600546	-0.139048	0.13922	0.377108	-0.0754759	-0.0234857	-0.052361	-0.0399269	-0.0409373	0.171662	-0.0622244	-0.0402386	-0.0238514	-0.00251674	-0.0797186	-0.0583018	-0.185619	-0.0306124	-0.0417719	-0.0921392	0.259701	-0.0262786	0.419008	-0.0670125	-0.0430233	-0.0212006	-0.0691482	-0.153814	-0.0209857	-0.0648043	-0.0296305	-0.134589	-0.0238339	0.221304	-0.0951899	-0.0653443	0.190971	-0.102439	-0.0298093	-0.0390586	0.000268046	-0.0335368	-0.0520291	0.0393567	-0.0481775	0.309867	-0.065538	-0.0650837	-0.0511629	-0.00231137	-0.0307097	-0.0357668	-0.03025	-0.0840165	-0.0375808	-0.0435398	-0.0744978	0.248136	-0.0358294	-0.0415249	-0.0589825	-0.00932364	0.086199	-0.0397893	-0.0108955	0.258638	0.130074	-0.0352904	0.120605	-0.0102493	-0.0262102
-0.0404439	-0.031302	-0.0476846	-0.0252577	-0.13308	-0.031414	-0.0249137	-0.0193009	0.265675	0.576327	-0.0507238	-0.157849	-0.0312292	-0.0896034	-0.0739505	-0.0592831	1	-0.0336427	-0.0564914	-0.197097	0.309207	-0.0301856	0.25409	-0.0931864	-0.0532835	-0.0308792	-0.0199316	-0.113146	-0.0535684	-0.0260498	-0.067837	-0.0271287	-0.053935	-0.0256492	-0.127604	0.193548	-0.0560069	-0.0386333	-0.0254395	-0.0298716	-0.0750787	-0.00249753	-0.180859	-0.0269472	-0.0669036	-0.0793003	0.243075	-0.0383771	-0.02314	-0.0728279	-0.0445277	-0.0205788	-0.0681348	-0.149983	-0.0378898	-0.066382	-0.0376259	-0.123772	-0.0435084	0.215788	-0.0828998	-0.0278536	-0.0399965	-0.097311	-0.0298312	-0.041764	-0.0453007	-0.0582773	-0.0521351	0.184989	-0.0362764	-0.0269435	-0.0691491	-0.0312635	-0.0605385	0.250133	-0.0301559	-0.0310977	-0.0217983	-0.119688	-0.0259629	-0.0586935	0.55831	-0.051566	-0.053206	-0.0300275	-0.0598673	-0.0211135	0.419341	-0.0359957	-0.0283319	-0.0229036	-0.0416786	-0.0239152	-0.0408516	-0.0382347	-0.0325161
-0.0244507	-0.0146858	-0.0375545	-0.0123793	-0.0960747	-0.0318537	-0.0115053	-0.0125097	-0.115166	-0.0250165	-0.038004	0.257515	-0.0235696	-0.0679328	-0.049818	-0.0521612	-0.0336427	1	-0.0382316	0.163205	-0.0824699	-0.0264244	-0.126214	0.174864	-0.0564098	-0.0221714	-0.0207692	-0.0943061	0.334649	-0.0251481	-0.0453217	-0.017372	0.338813	-0.0138412	0.109091	-0.0182555	-0.0385286	-0.0142404	-0.0204188	-0.0325349	0.00105204	-0.0161105	-0.0939897	-0.0175951	-0.0482394	0.179875	-0.039836	-0.0250848	-0.0141231	0.00802754	-0.0340205	-0.0332585	0.00231374	-0.0637054	-0.0341972	0.0174692	-0.0205936	-0.0832212	0.3177	-0.0466375	0.127393	-0.0375764	-0.0353158	0.169063	-0.0188354	-0.0377372	-0.0383654	-0.0486729	-0.0260073	0.101933	-0.0408887	-0.0185941	0.00850466	-0.0300014	0.217057	-0.0354158	-0.0167566	-0.0108379	-0.0211981	-0.0963023	-0.0266881	0.0408586	0.0836791	-0.0386554	-0.0201969	-0.00404151	-0.0410007	-0.0270051	0.0350181	0.0379188	-0.00068082	-0.0211676	-0.0325123	-0.0209723	-0.037019	-0.00959703	-0.0229067
-0.0466211	-0.0173348	-0.057256	-0.0261077	-0.126213	-0.0416592	-0.0237082	0.391961	0.240256	-0.0937223	-0.0460405	-0.143196	-0.0415238	-0.0773735	0.765842	-0.0501638	-0.0564914	-0.0382316	1	0.289462	-0.161393	-0.0202728	-0.194578	0.232889	-0.0515669	-0.00688245	-0.0179864	-0.135948	0.523113	-0.00111869	-0.0606542	-0.0258663	0.38186	-0.0388324	0.288345	-0.137686	-0.0574729	-0.0423992	-0.0145976	-0.0225381	-0.029815	-0.0511299	-0.0894302	0.0241813	-0.0652131	0.252931	-0.0980593	-0.0301618	-0.03034	-0.01132	-0.0351567	-0.0146846	0.0995092	-0.120301	-0.026637	0.113798	0.0855528	-0.131458	-0.034207	-0.106886	0.200475	-0.0658084	0.114559	0.301402	0.275666	-0.0418487	-0.0250502	-0.0638535	-0.0343179	0.0926961	0.0987432	-0.0194811	0.0777677	0.000333368	0.282739	-0.122809	-0.0300323	-0.0292484	-0.0473297	-0.115992	-0.0458057	0.0127175	-0.0381918	-0.0251918	-0.0391726	-0.0108852	0.0471661	-0.00810318	-0.0468319	-0.0357822	-0.0278706	0.0755379	0.133194	-0.0425567	0.116353	-0.026158	-0.0238956
-0.0976107	-0.08781	-0.0704288	-0.111784	-0.443756	0.180175	-0.0769967	0.122412	-0.362845	-0.318327	-0.151179	0.784409	-0.0979002	0.440569	0.37045	0.313954	-0.197097	0.163205	0.289462	1	-0.552944	0.119441	-0.33508	-0.0396304	-0.192647	0.0723258	-0.08131	-0.310853	0.299803	0.139928	0.0326909	-0.0910652	0.154028	-0.105762	0.0188327	0.191733	0.0933444	-0.107511	0.13032	0.0768797	0.0923771	-0.158308	-0.0608304	-0.0755394	0.347408	-0.0613071	0.121628	0.166614	0.148767	0.155091	-0.134541	0.0752286	0.133875	-0.172873	0.137011	0.0248327	0.108925	-0.19309	0.00652629	0.179174	-0.0503686	-0.167123	0.209915	0.00549756	0.0552532	-0.0919851	-0.00623783	0.249959	-0.116908	0.20818	-0.00588494	0.126447	0.010159	-0.149244	0.0586124	0.0969044	-0.0569712	-0.0475427	-0.0536621	-0.227166	-0.0831883	0.0129931	-0.163212	0.218879	-0.0518064	-0.0875979	-0.0545059	0.14296	-0.00864619	-0.0921025	-0.0675837	0.1493	0.0917433	-0.050767	0.094678	-0.073794	-0.0882312
-0.0891083	0.146844	0.185933	0.152854	-0.374472	-0.0596543	-0.0307964	-0.0780999	0.732137	0.522202	0.122981	-0.41311	0.190655	-0.207072	-0.214964	-0.199098	0.309207	-0.0824699	-0.161393	-0.552944	1	-0.0837595	0.749117	-0.357153	-0.224014	-0.0151059	0.144872	0.51405	-0.183885	-0.0967459	-0.0173981	-0.0212669	-0.16642	0.198573	-0.345657	-0.0780807	-0.127369	-0.108167	-0.0884492	-0.0254606	-0.0536813	0.227143	0.265519	-0.0990003	-0.157933	-0.304105	-0.0129357	-0.112691	-0.098534	-0.011116	0.158035	-0.0682192	-0.0056586	0.328651	-0.0933414	0.0180331	-0.0512822	0.295675	-0.100119	-0.0120997	-0.241922	0.192711	-0.125747	-0.22478	-0.0276752	0.0641917	-0.0857897	-0.104488	0.0727556	-0.0536189	-0.119361	-0.0880607	-0.0075048	-0.190551	-0.0042095	0.0135152	0.137946	0.098465	-0.0697417	0.0416861	-0.0673768	0.0963842	0.324256	-0.154203	0.117238	-0.101596	0.0123304	-0.0797701	0.181446	0.166642	-0.0815571	-0.101759	-0.15175	-0.0912049	-0.157591	0.120787	-0.0863942
-0.0209526	-0.0126246	-0.0304091	-0.0165131	-0.051301	-0.0104375	-0.00860838	-0.0105094	0.0404337	-0.0387336	-0.013293	0.00851301	-0.0137767	0.0568251	0.214266	-0.0153545	-0.0301856	-0.0264244	-0.0202728	0.119441	-0.0837595	1	0.0868706	-0.0432502	-0.0263505	0.0381133	-0.00897654	-0.0659927	-0.0323465	-0.00995317	0.288724	-0.0138049	-0.0292649	-0.00884755	0.117902	-0.0640824	0.0561381	-0.0175653	0.592841	-0.00909077	0.230659	-0.0261551	0.088494	0.00538054	-0.0141967	-0.0402494	-0.0577732	-0.00319661	-0.0123538	0.179874	-0.0057724	-0.0187742	0.187545	-0.0443822	-0.0101609	-0.0248041	-0.00535068	-0.034273	-0.0205641	0.083924	-0.0483285	-0.0308502	-0.0205078	-0.0475652	-0.00219889	-0.0251647	-0.0142469	-0.0137277	0.0319687	0.0679602	-0.0135692	-0.0184382	-0.0277084	-0.0165564	-0.0276221	0.0982492	-0.00927109	-0.0151194	-0.0166605	-0.0418316	-0.012499	-0.0213584	-0.0336991	0.225171	-0.0141925	-0.0086981	-0.0200193	-0.0208913	0.110097	-0.0112812	-0.0119345	-0.0124952	-0.0221059	-0.0205409	0.019662	-0.00215871	-0.00810562
-0.121243	0.11504	0.135679	0.125968	-0.460767	-0.100039	-0.0428866	-0.0767715	0.622331	0.417591	0.199444	-0.246228	0.173932	-0.25019	-0.164412	-0.00314181	0.25409	-0.126214	-0.194578	-0.33508	0.749117	0.0868706	1	-0.376572	-0.284028	0.0228937	0.120288	0.542375	-0.219201	-0.0953567	-0.0347966	-0.047041	-0.215033	0.00299946	-0.375481	-0.093152	-0.0577877	-0.14204	0.0308146	-0.0287886	-0.0926306	0.177761	0.307875	-0.118609	-0.23559	-0.332978	-0.0441313	-0.125012	0.100488	-0.028388	0.101302	0.0467922	-0.0338621	0.275027	-0.0990904	-0.104813	-0.0849632	0.310809	-0.127055	0.0365348	-0.253268	0.147727	-0.118373	-0.306629	-0.0308341	0.0427263	-0.106404	-0.190251	0.14002	-0.0720354	-0.137764	-0.0570258	-0.110584	-0.191154	-0.0311728	0.0101957	-0.0116043	0.0697138	-0.0985307	0.112241	-0.0659137	-0.0143244	0.234474	0.0822496	0.102573	-0.114002	-0.0107267	0.0314098	0.248384	0.154869	-0.0818218	-0.114005	-0.173259	-0.115066	-0.179438	0.108692	-0.107136
0.268607	-0.0372269	0.0270917	-0.0261525	0.376059	-0.0797688	0.158588	0.187678	-0.159695	-0.164751	-0.0857735	-0.175734	-0.0618331	-0.152569	0.143438	0.0189674	-0.0931864	0.174864	0.232889	-0.0396304	-0.357153	-0.0432502	-0.376572	1	-0.150175	-0.045323	-0.0479895	-0.215313	0.474847	0.230955	-0.110939	0.168747	0.264279	-0.0755232	0.67746	-0.405536	-0.066899	0.325104	-0.0484719	-0.047194	-0.124947	-0.0918061	-0.307021	0.268628	-0.140546	0.726602	-0.270365	-0.068396	-0.0506052	-0.132985	0.012589	-0.0500332	-0.131284	-0.184091	-0.0553303	-0.117555	-0.0560841	-0.138671	0.117859	-0.265694	0.60229	-0.00831808	0.165431	0.5023	-0.0527783	0.0750754	-0.00685673	-0.10229	-0.0451088	-0.125454	-0.0291671	-0.0428046	-0.0852849	0.528939	0.147419	-0.294979	-0.0543335	-0.052008	-0.0714718	0.216891	-0.000818608	-0.0919453	-0.124102	-0.0944969	-0.0671197	0.298116	-0.070615	-0.0391174	-0.164003	-0.0435873	0.201966	0.207742	0.126184	0.00860572	0.135903	-0.0335	-0.0493148
-0.0513455	-0.0360513	-0.0749008	-0.036591	0.45723	-0.0550697	-0.0266676	-0.0255309	-0.249347	-0.107975	-0.0518792	-0.15304	-0.0512268	-0.0431881	-0.0725304	-0.0747712	-0.0532835	-0.0564098	-0.0515669	-0.192647	-0.224014	-0.0263505	-0.284028	-0.150175	1	-0.0220378	-0.0292963	-0.178774	-0.0669662	-0.0306267	-0.0840537	-0.0382327	-0.0674523	-0.0535155	-0.177585	0.344124	-0.0596873	-0.0537519	-0.0323615	-0.0337121	-0.111048	-0.00273294	-0.219955	-0.0297671	-0.0840604	-0.131499	0.329069	-0.0321591	-0.0371355	-0.0959639	-0.0571584	-0.029639	-0.0986844	-0.163531	-0.0268744	-0.090077	-0.03801	-0.131549	-0.0492629	0.201355	-0.127474	-0.0342664	-0.0448747	-0.145735	-0.0277124	-0.0479081	0.137126	-0.07236	-0.0303909	0.163809	-0.0505493	-0.0237294	-0.0933192	-0.0796907	-0.0816711	0.245311	-0.0433223	-0.0158433	0.393876	-0.101233	-0.0439439	-0.0751637	-0.0584574	-0.0507498	-0.0422157	-0.0532414	-0.0701551	-0.0348223	-0.0742163	-0.057704	-0.0122891	-0.0329974	-0.0621205	-0.0502049	-0.0653317	-0.0417006	-0.0186222
-0.016565	-0.0116765	-0.0306852	-0.00828441	-0.0629468	-0.0291053	-0.00970418	0.00523217	-0.0114047	-0.051485	-0.0334477	-0.0790026	-0.0211182	-0.0327289	0.260347	-0.0322015	-0.0308792	-0.0221714	-0.00688245	0.0723258	-0.0151059	0.0381133	0.0228937	-0.045323	-0.0220378	1	-0.0103976	-0.0803167	-0.0132823	0.000184072	0.407578	-0.0257181	-0.0242963	-0.0149035	0.182773	-0.116513	0.458604	-0.0162971	-0.0178918	-0.0171636	-0.0351998	-0.0173508	0.132425	-0.0102597	-0.0406996	-0.0483926	-0.0951413	-0.0302883	-0.0221019	0.202817	-0.0283701	-0.0126314	-0.0339995	-0.0601306	-0.0145443	-0.0340483	-0.0123359	-0.0491165	-0.0258792	-0.0289252	0.104978	-0.0279099	0.339478	-0.0567572	-0.00869522	-0.0234969	-0.0368078	-0.0456306	0.0353208	0.0888489	-0.0198299	-0.0176177	-0.0330413	-0.0278129	-0.0270122	-0.0122872	-0.0128969	-0.0120144	-0.00445644	-0.0562887	-0.0300115	-0.0277195	-0.0403965	-0.0291173	-0.0200657	-0.00892889	-0.0292392	0.497068	-0.0528382	-0.0143841	-0.0144179	-0.00585111	-0.00616342	0.004107	-0.0100216	-0.0125124	-0.0157767
-0.0269554	-0.0169547	-0.0148586	-0.00684286	-0.0554031	-0.00966464	-0.0173047	-0.0137772	0.110518	0.239357	-0.0266474	-0.060815	0.577467	-0.0333488	-0.026144	-0.00600546	-0.0199316	-0.0207692	-0.0179864	-0.08131	0.144872	-0.00897654	0.120288	-0.0479895	-0.0292963	-0.0103976	1	0.178811	-0.0177724	-0.000814436	-0.0317979	-0.0174638	-0.0138228	-0.0126451	-0.0611722	-0.0903351	-0.0304753	-0.0233392	-0.0175675	-0.0184431	-0.0366029	-0.0179221	0.108724	-0.0131496	-0.0333606	-0.0386324	-0.0775081	-0.0173063	-0.000343086	0.0149084	0.415016	-0.0167258	0.0230365	0.129598	-0.0131207	0.0416401	0.107798	0.111511	-0.00885009	-0.0824869	-0.0458258	-0.0280901	-0.0175147	-0.0073421	-0.00737654	-0.0183753	-0.0227717	-0.0247574	-0.0222691	-0.0878425	-0.0221535	-0.0189119	0.0255716	-0.0314887	-0.0267233	-0.0739947	-0.00457415	-0.00435628	-0.0139499	0.0924056	-0.018971	0.0463651	-0.0238227	-0.0207645	-0.0196269	-0.0146101	-0.0277378	-0.0238999	-0.0338663	-0.0245531	-0.0207519	-0.00550384	-0.0192612	-0.016336	-0.0214645	-0.016645	-0.00113414
-0.0616018	-0.073784	0.236807	0.184531	-0.209725	-0.0348057	-0.00270723	-0.0491273	0.368802	-0.0630747	0.248603	-0.193273	0.237714	-0.168197	-0.17616	-0.139048	-0.113146	-0.0943061	-0.135948	-0.310853	0.51405	-0.0659927	0.542375	-0.215313	-0.178774	-0.0803167	0.178811	1	-0.158225	-0.068682	-0.184617	0.186545	-0.143039	-0.0917042	-0.370495	-0.429254	-0.141421	-0.0912133	-0.0629455	0.0192919	-0.126234	0.288531	0.640159	-0.0798936	-0.16662	-0.248371	-0.439903	-0.0854131	-0.0611681	-0.0956721	0.233203	0.165367	-0.078922	0.658039	-0.0623597	-0.0544978	-0.0247425	0.684101	-0.0885754	-0.382979	-0.0945848	0.387116	-0.104154	-0.230271	-0.00133354	0.266305	-0.025247	-0.11505	0.217177	-0.397161	-0.0971333	-0.0700479	-0.0744141	-0.151287	-0.151011	-0.276672	-0.0567398	0.144426	-0.0497889	0.399429	-0.0234946	0.00256834	-0.16311	-0.00844392	0.180877	-0.074909	0.0758769	0.02788	-0.157609	-0.0913182	-0.0543358	-0.0833097	-0.12271	-0.0795505	-0.131245	0.162675	-0.0599475
-0.0509108	-0.0180412	0.124275	-0.0312606	-0.131427	-0.0430332	-0.0239443	0.286232	0.119615	-0.081009	-0.0515871	-0.00729123	-0.0313159	-0.0788619	0.377415	0.13922	-0.0535684	0.334649	0.523113	0.299803	-0.183885	-0.0323465	-0.219201	0.474847	-0.0669662	-0.0132823	-0.0177724	-0.158225	1	0.425878	-0.0745563	-0.0283255	0.679086	-0.039312	0.405897	-0.227717	-0.0591391	-0.0542128	-0.0286203	-0.0342733	-0.1013	-0.0592384	-0.215527	-0.0462254	-0.0797644	0.3553	-0.0467404	-0.0367638	-0.0311382	-0.0821549	-0.0465401	-0.035978	-0.0907017	-0.177555	-0.0298911	-0.0746304	-0.0388045	-0.148523	0.270574	-0.0619746	0.285656	-0.0784577	0.3507	0.27014	-0.034332	-0.0461197	-0.0427916	-0.0769458	-0.0595625	0.236838	-0.0617128	-0.0252949	-0.0760034	-0.0578598	0.422905	-0.166858	-0.0273794	-0.0228508	-0.0372298	-0.174342	-0.042278	-0.048899	-0.0645267	-0.0529877	-0.0343485	-0.00718583	-0.0641591	-0.00664218	-0.0896043	-0.0342118	-0.031987	0.388685	0.209076	-0.0417392	0.191356	-0.0193936	-0.0257787
-0.0167288	-0.0179971	0.361641	-0.0223001	-0.0485107	-0.0176488	-0.00441744	0.0726971	0.0940353	-0.0470013	-0.0185412	-0.0609274	-0.0194434	-0.0222509	-0.00373763	0.377108	-0.0260498	-0.0251481	-0.00111869	0.139928	-0.0967459	-0.00995317	-0.0953567	0.230955	-0.0306267	0.000184072	-0.000814436	-0.068682	0.425878	1	-0.0274665	-0.00908835	-0.0201925	-0.0140493	0.176779	-0.0946139	-0.0200368	-0.0244773	-0.0137838	-0.0155389	-0.0471877	-0.0344618	-0.093959	-0.0250339	-0.0224614	-0.052914	0.13559	-0.0115085	-0.00576398	-0.0358364	-0.0174114	-0.0174504	-0.0439257	-0.0819727	-0.00434164	-0.036631	-0.0241137	-0.0680961	-0.00795738	0.125433	-0.0525735	-0.0397602	0.558785	-0.0644963	-0.0175602	-0.0172998	-0.0244761	-0.0271257	-0.0294734	0.118416	-0.028709	-0.0121297	-0.0442307	-0.0373626	-0.0262402	-0.0607059	-0.00927534	-0.00958643	-0.00470984	-0.0868542	-0.0118501	-0.0351369	-0.0345883	-0.02082	-0.0187713	-0.0123002	-0.0299612	0.00468887	-0.0410948	-0.0227187	-0.0135745	0.697029	0.416656	-0.014295	0.398367	-0.0078924	-0.0143814
-0.0394373	-0.0427781	-0.0676067	-0.0346037	0.0581096	-0.0313218	-0.0335945	-0.0152976	0.00130525	-0.118677	0.00470442	-0.118536	-0.0502974	-0.0239844	0.268504	-0.0754759	-0.067837	-0.0453217	-0.0606542	0.0326909	-0.0173981	0.288724	-0.0347966	-0.110939	-0.0840537	0.407578	-0.0317979	-0.184617	-0.0745563	-0.0274665	1	-0.0461603	-0.0779464	0.515	0.45262	-0.237588	0.61334	-0.0461622	0.360069	-0.0324508	0.663425	-0.0520143	0.314454	-0.0257629	-0.0830611	-0.124531	-0.218481	-0.0344256	-0.0376582	0.468291	-0.0507774	-0.036583	0.349174	-0.020878	-0.0357335	0.206128	-0.021132	-0.14859	-0.0569375	-0.0800423	-0.0657582	-0.0739336	0.109557	0.0270371	-0.035463	-0.0619368	-0.057838	-0.0701514	-0.00224768	-0.044395	0.350379	-0.0377592	0.428127	-0.078786	-0.0804716	-0.0345478	0.399883	-0.0422475	-0.0372857	-0.163598	0.353457	0.241848	-0.0770361	0.108411	-0.0583613	-0.0487455	0.213998	0.186109	-0.00916639	-0.0405556	-0.0365985	-0.040617	0.233872	0.407823	0.229141	-0.0221462	-0.0408924
-0.017346	-0.00802784	-0.0173865	-0.00595348	0.131965	-0.012382	-0.00752152	-0.0079016	-0.0448865	-0.0411675	-0.018097	-0.0716137	-0.00711333	-0.0465559	-0.0351651	-0.0234857	-0.0271287	-0.017372	-0.0258663	-0.0910652	-0.0212669	-0.0138049	-0.047041	0.168747	-0.0382327	-0.0257181	-0.0174638	0.186545	-0.0283255	-0.00908835	-0.0461603	1	-0.0269164	-0.0217696	-0.0705415	-0.0965664	-0.0378138	-0.019639	-0.00756896	-0.0220836	-0.0367359	-0.00618705	0.121946	-0.0200134	-0.0441728	-0.0458582	-0.08468	-0.020024	-0.0163859	-0.0354968	-0.00706691	-0.0162944	-0.0283039	0.143831	-0.0123274	-0.0250302	-0.00986709	0.161556	-0.00803335	-0.0899243	0.203114	0.384643	-0.0140441	-0.0518719	-0.00655347	0.565062	-0.0293586	-0.0364578	-0.0174921	-0.104262	-0.0265325	-0.0144468	-0.0317984	-0.0266057	-0.0240389	-0.0833283	-0.0181922	-0.00362753	-0.0207831	0.137508	-0.0267721	-0.0214801	-0.0270334	-0.0262525	-0.0133269	-0.00273657	-0.0263542	-0.023607	-0.0395215	-0.0175873	-0.0164002	-0.00798592	-0.0222204	-0.0221616	-0.0261187	-0.00164036	-0.00857126
-0.0461205	-0.0190769	-0.0654066	-0.031304	0.0075782	-0.0355978	-0.0247672	-0.0163177	-0.00802453	-0.0712267	-0.046438	0.00441167	-0.021271	-0.0742755	0.269572	-0.052361	-0.053935	0.338813	0.38186	0.154028	-0.16642	-0.0292649	-0.215033	0.264279	-0.0674523	-0.0242963	-0.0138228	-0.143039	0.679086	-0.0201925	-0.0779464	-0.0269164	1	-0.0433224	0.377523	-0.217604	-0.0603054	-0.0484384	-0.0273869	-0.0407008	-0.087361	-0.0568156	-0.197999	-0.0439062	-0.0757222	0.529794	-0.190448	-0.0335781	-0.0347873	-0.0791724	-0.0450726	-0.0267117	-0.0782846	-0.16494	-0.0312727	0.117481	-0.0258825	-0.138101	0.646407	-0.197648	0.433978	-0.0746731	-0.040305	0.423727	-0.0167519	-0.0432907	-0.0502039	-0.0735488	-0.044789	0.217035	-0.0447349	-0.0294517	-0.06172	-0.0582047	0.626347	-0.164535	-0.0389951	-0.0163656	-0.0375813	-0.162399	-0.0378586	-0.0446282	-0.0640943	-0.0501565	-0.0276633	-0.0210054	-0.0495625	-0.021414	-0.0870226	-0.0326996	-0.0301995	-0.0290131	-0.0467272	-0.0357681	-0.0537263	-0.0203257	0.451655
-0.0264273	-0.0215384	-0.032925	-0.022692	0.0365738	-0.0261415	-0.0184139	-0.00458304	0.040809	-0.0472029	0.0863141	-0.076143	-0.0209572	-0.0390939	-0.0424451	-0.0399269	-0.0256492	-0.0138412	-0.0388324	-0.105762	0.198573	-0.00884755	0.00299946	-0.0755232	-0.0535155	-0.0149035	-0.0126451	-0.0917042	-0.039312	-0.0140493	0.515	-0.0217696	-0.0433224	1	0.212982	-0.101397	-0.0342036	-0.0245379	-0.0117633	-0.015498	0.409749	-0.0257302	0.152297	-0.0218916	-0.0442916	-0.0730461	-0.0961642	-0.0179188	-0.0153431	0.433711	-0.0137101	-0.0206422	0.413085	0.159831	-0.0141026	0.415064	-0.0209839	-0.070811	-0.0276626	-0.0867457	-0.0822969	-0.0407359	-0.0195465	0.177003	-0.0241955	-0.0343377	-0.0221789	-0.034267	-0.00987767	-0.0996998	-0.0352896	-0.015854	0.343253	-0.0519554	-0.0396922	-0.0691438	0.735073	-0.0230135	-0.0253431	-0.0775168	-0.0167256	0.448455	-0.0073944	-0.0251959	-0.0319959	-0.033967	-0.0453705	-0.0159968	-0.0334568	-0.0144577	-0.0180258	-0.0195205	-0.0380337	-0.0187	-0.0377639	-0.00664778	-0.028087
0.195673	-0.0620363	-0.0230181	-0.0406989	0.334192	-0.0769358	0.105659	0.143679	-0.105985	-0.22473	-0.0695031	-0.234645	-0.094034	-0.144229	0.372799	-0.0409373	-0.127604	0.109091	0.288345	0.0188327	-0.345657	0.117902	-0.375481	0.67746	-0.177585	0.182773	-0.0611722	-0.370495	0.405897	0.176779	0.45262	-0.0705415	0.377523	0.212982	1	-0.542633	0.277224	0.249393	0.174393	-0.0690243	0.273597	-0.120194	-0.120846	0.209928	-0.184223	0.675264	-0.414099	-0.0798916	-0.073349	0.163744	-0.0255177	-0.0664113	0.158526	-0.249196	-0.075471	0.174729	-0.0605264	-0.288365	0.254052	-0.313362	0.521536	-0.156558	0.205291	0.596242	0.0921705	-0.10456	-0.0455819	-0.133765	-0.0538544	-0.0692877	0.240497	-0.0685707	0.214033	0.406099	0.181085	-0.291732	0.188787	-0.0731536	-0.0851762	0.0086441	0.182182	0.0597488	-0.167014	-0.0179801	-0.0977898	0.221731	0.103243	0.0787703	-0.15778	-0.0725438	0.14809	0.153127	0.29262	0.214518	0.293427	-0.0557551	0.175738
-0.117128	0.119839	-0.19512	-0.115262	-0.0843409	0.106777	-0.0907566	-0.0835242	-0.21937	0.23723	-0.14957	0.340974	-0.145653	0.273057	-0.186675	0.171662	0.193548	-0.0182555	-0.137686	0.191733	-0.0780807	-0.0640824	-0.093152	-0.405536	0.344124	-0.116513	-0.0903351	-0.429254	-0.227717	-0.0946139	-0.237588	-0.0965664	-0.217604	-0.101397	-0.542633	1	-0.208317	-0.140035	-0.0962826	0.0653102	-0.145515	-0.144802	-0.514859	-0.110102	0.346098	-0.378532	0.817006	0.169944	0.123573	-0.121484	-0.176896	0.116398	-0.0639765	-0.43128	-0.0951139	-0.083539	0.0921112	-0.430631	-0.142297	0.70544	-0.384935	-0.184619	-0.115929	-0.329092	-0.0795093	-0.120745	0.0811667	0.24767	-0.157728	0.487056	-0.142028	0.090557	-0.119491	-0.21842	-0.0283181	0.582858	-0.112118	-0.112504	0.153277	-0.403483	-0.124391	-0.0352033	0.284203	0.130126	-0.157249	-0.128516	-0.213009	-0.0871001	0.340209	0.157111	-0.0748553	-0.061974	-0.144271	-0.107694	-0.135884	-0.0902646	-0.0926466
-0.0146723	-0.0312317	-0.053385	-0.0252618	0.047447	-0.0170357	0.00254629	-0.0192315	-0.0659733	-0.0616006	-0.0530001	-0.0477367	0.0345353	-0.0333592	0.194808	-0.0622244	-0.0560069	-0.0385286	-0.0574729	0.0933444	-0.127369	0.0561381	-0.0577877	-0.066899	-0.0596873	0.458604	-0.0304753	-0.141421	-0.0591391	-0.0200368	0.61334	-0.0378138	-0.0603054	-0.0342036	0.277224	-0.208317	1	-0.0299441	-0.00569001	-0.0296209	0.442579	-0.0417925	0.277546	-0.0202646	-0.064473	-0.100165	-0.197557	-0.0320502	-0.0290623	0.270042	-0.0568934	-0.0206078	-0.00669835	-0.134683	-0.0331402	-0.0436619	-0.0217923	-0.129344	-0.0443578	-0.0850236	0.0152057	-0.0586396	0.228303	-0.0694505	-0.0296429	-0.043288	-0.0531877	-0.0573562	-0.0400878	-0.0314568	0.5058	0.0547289	0.315123	-0.0562544	-0.0673488	-0.0448818	0.00849378	-0.034483	-0.0266828	-0.162484	0.431724	-0.0255511	-0.0785672	-0.0501936	0.0546835	-0.036571	0.366281	0.241313	-0.0992218	-0.0371787	-0.0281588	-0.0333165	0.311833	0.508745	0.287569	-0.0250572	-0.030151
0.764112	-0.0226159	-0.0445426	-0.0217025	0.231779	-0.0204168	0.408421	-0.0167553	-0.12298	-0.0631539	-0.0139796	-0.0819228	-0.0236626	-0.0339438	-0.0440875	-0.0402386	-0.0386333	-0.0142404	-0.0423992	-0.107511	-0.108167	-0.0175653	-0.14204	0.325104	-0.0537519	-0.0162971	-0.0233392	-0.0912133	-0.0542128	-0.0244773	-0.0461622	-0.019639	-0.0484384	-0.0245379	0.249393	-0.140035	-0.0299441	1	-0.0163282	-0.0140052	-0.0430071	-0.0211666	-0.121241	-0.0231125	-0.0512967	0.345989	-0.131669	-0.0241583	-0.0196441	-0.0340743	-0.0369122	-0.0179139	-0.0350086	-0.102611	-0.0229389	-0.0268457	-0.0130654	-0.0900165	-0.0315368	-0.0901349	0.231422	-0.0192233	-0.0328606	0.224488	-0.0150799	-0.0210867	-0.0297186	0.0232323	-0.0387668	-0.101001	-0.0283921	-0.0147279	-0.034282	0.406278	-0.0484332	-0.0632333	-0.0110487	-0.0189585	-0.0243218	0.146597	-0.0258921	-0.0248988	-0.0292949	-0.0310956	-0.0266585	-0.0047879	-0.0388227	-0.0231737	-0.0488031	-0.0120414	0.513782	-0.0282832	-0.037947	-0.0206273	-0.0408614	-0.00788474	-0.0149035
-0.0119048	-0.0208426	-0.0365794	-0.0208591	-0.049443	-0.0126638	-0.012511	-0.00287453	0.053173	-0.0450911	-0.0109439	-0.00733359	-0.0171417	0.0452679	0.247245	-0.0238514	-0.0254395	-0.0204188	-0.0145976	0.13032	-0.0884492	0.592841	0.0308146	-0.0484719	-0.0323615	-0.0178918	-0.0175675	-0.0629455	-0.0286203	-0.0137838	0.360069	-0.00756896	-0.0273869	-0.0117633	0.174393	-0.0962826	-0.00569001	-0.0163282	1	-0.00990048	0.327721	-0.0298892	0.124953	-0.0126063	-0.0360542	-0.047362	-0.088667	-0.00650995	-0.0164387	0.358026	-0.0198611	-0.0116278	0.364679	-0.0621367	-0.0127933	-0.00131091	-0.00584936	-0.0659317	-0.0231853	0.102932	-0.0514334	-0.0272067	-0.0194861	-0.041306	-0.00691121	-0.0147431	-0.0197112	-0.0313671	-0.00950393	0.0879304	-0.0107403	-0.0223001	-0.00315841	-0.0318862	-0.034031	0.119976	0.0262424	-0.0233069	-0.0172372	-0.0717957	-0.0105225	0.00644509	-0.0405297	0.412369	-0.0269772	-0.0143982	-0.0268716	-0.0150432	0.213036	-0.0153334	-0.0118164	-0.0116374	-0.0162124	-0.0124141	0.02253	-0.00678447	-0.0170948
