1	-0.0128244	-0.0440803	-0.026917	-0.223746	-0.0232521	-0.144113	-0.0393429	-0.153097	-0.0139694	-0.0274988	-0.0377977	-0.0158321	0.354482	-0.0286808	-0.0250315	-0.0569487	-0.0956914	-0.139887	-0.0765423	-0.157521	-0.0297409	-0.0524421	0.33992	-0.0191038	-0.0392579	-0.0409134	0.0165357	-0.0521062	-0.0582066	0.365348	-0.0620272	-0.0218733	-0.0249589	-0.0390456	-0.145412	-0.0205798	0.0216253	0.332847	-0.0233663	-0.0767751	-0.0335987	-0.033483	-0.091168	-0.0618631	-0.038244	0.177913	-0.05567	-0.0124357	-0.0224561	-0.0271138	-0.0390559	-0.0467262	0.168952	-0.0874247	-0.0852548	-0.0365724	-0.0351064	-0.0211829	-0.0549414	-0.0293731	-0.0276511	-0.0481066	-0.0575363	-0.0244238	0.00885546	-0.0250554	0.0148808	-0.100683	-0.0283242	-0.0284114	-0.0694223	-0.0271004	0.155162	-0.0290219	-0.0658118	0.159026	-0.061343	-0.0483879	-0.03067	-0.00333792	-0.0253235	-0.0191936	-0.0346752	-0.109818	0.151951	-0.00955812	-0.0475613	-0.028958	-0.0483676	-0.0842403	-0.112034	-0.0117515	-0.0318409	-0.10881	-0.0286053	-0.0388913	-0.0152465	-0.0369344	-0.0297218	-0.10622	-0.00591077	-0.0561453	-0.0240812	-0.0868706	-0.0311311	-0.0935493	-0.136221	-0.0629558	-0.0360582	0.174541	-0.0132923	-0.0451526	-0.0882477	-0.0539469	0.248446	-0.0367692	-0.0745643	0.156911	0.172258	-0.0492207	-0.0139446	0.114967	0.0617183	-0.0423453	0.221886	0.0789724	-0.106391	-0.058788	-0.0531435	-0.0232047	0.217122	-0.0801933	-0.0314293	0.00380403	-0.0267501	-0.00962133	-0.0125883	-0.0114586	-0.0437526	0.136926	0.00741964	-0.00261755	-0.0182948	-0.0724248	-0.00138779	-0.0367419	-0.0184108	-0.0585048	0.0995528	-0.0521623	-0.0320319	0.00582311	0.0877955	-0.0261737	-0.0640092	0.070986	-0.0345029	-0.0263337	0.179654	-0.0262238	-0.012095	-0.0484306	-0.0558771	-0.0539834	-0.0206194	-0.0338857	-0.0720597	-0.00299532	-0.0168125	-0.0308749	-0.0643841	-0.0266259	-0.0303308	-0.0696277	-0.0571864	-0.102221	-0.106774	-0.0622463	-0.0105279	-0.0587339	-0.0262106	0.25652	-0.0646359	-0.0158471	-0.0113649	-0.0288728	-0.014298	-0.0687242	-0.0318266	-0.0118695	0.0250259	-0.0397094	0.244802	-0.0328276	-0.0102235	-0.0284822	-0.0349648	-0.0283356	-0.0353468	-0.0165902	0.00631481	-0.0436359	-0.0524401	-0.0214785	-0.0141526	-0.018367	-0.00020735	-0.0124592	-0.0613045	-0.0127904	-0.019196	-0.0180412	-0.0303117	-0.0451789	-0.00591501	0.00751755	-0.024275	0.0214011	-0.0106723	-0.0526104	-0.0407847	0.00825484	-0.0056173	-0.0621831
-0.0128244	1	-0.00187154	-0.0130501	0.116392	-0.0134213	-0.0596106	-0.0190805	-0.071866	0.00161608	-0.017803	-0.02576	-0.0105196	-0.0635408	-0.0175918	-0.013189	-0.025594	-0.0453398	-0.0834457	-0.0355932	0.10932	-0.0162067	0.410536	-0.0365087	-0.0096465	-0.0234887	-0.016638	-0.0149273	-0.0308396	-0.026994	-0.0289616	-0.0212132	-0.0112541	-0.0138875	-0.0232669	0.0948098	-0.0232875	-0.0121292	-0.00924035	-0.0109129	0.153642	-0.00555748	-0.0206848	-0.0562241	-0.0277838	-0.0248379	-0.0117091	-0.0255711	0.695771	6.9045e-05	-0.00867356	-0.00447726	-0.00527134	-0.0713109	0.138717	0.160234	-0.0197922	-0.0237569	-0.0212782	-0.0123372	-0.015399	-0.021646	-0.016045	-0.0269504	-0.00808314	-0.017726	0.000431015	-0.0229346	0.121857	-0.0282442	-0.0204656	-0.0493643	-0.00489647	-0.0702803	-0.023155	-0.0243998	-0.0323456	-0.0403592	-0.0338204	-0.0184907	0.103883	-0.00773751	-0.0153751	-0.0160613	0.0566409	-0.0277615	-0.0155476	-0.0333476	-0.0150681	-0.0226024	0.0718746	0.0527245	-0.00698246	0.000209447	0.0556608	-0.00985458	-0.0156134	-0.0130271	-0.0148101	-0.0119322	0.0557137	-0.0206887	-0.00551952	-0.00910771	0.0601011	-0.0113082	-0.0378793	-0.058961	-0.0333312	-0.010447	-0.0262982	-0.010228	-0.0160943	0.0566496	-0.0259902	-0.0119389	-0.00561106	-0.0221283	0.0811799	0.0879783	-0.0225911	-0.00452699	0.0624775	-0.017764	0.168995	-0.0315275	0.0353058	-0.0476525	-0.0317525	-0.0266112	-0.0192533	0.0971457	-0.0316778	-0.0318988	-0.0274337	-0.0186138	-0.0218571	-0.0165239	-0.0148589	-0.00897237	0.0519118	-0.0184346	-0.0156076	-0.0116099	-0.0204837	-0.00124753	-0.00476503	0.178582	-0.0190661	0.0457029	-0.0108973	-8.18793e-05	0.00644366	0.0424789	0.0089271	-0.0407195	0.0366406	0.000885663	-0.0216797	0.0816643	0.0277611	-0.00581734	-0.0238101	-0.0353235	0.0748006	-0.0228425	-0.0162717	0.065102	-0.0282848	0.110632	0.0794763	0.0554022	-0.00639758	0.000537372	-0.0225837	-0.0241883	-0.0432827	0.0308132	-0.0342774	-0.0107706	-0.0206897	0.0870094	0.026257	0.0601703	-0.0106808	-0.0103349	-0.0196979	0.35433	0.0541791	-0.0136166	-0.038552	-0.0119016	0.0344223	-0.0171963	-0.0259429	-0.0271146	-0.0197009	-0.0397029	-0.021396	-0.0302712	-0.00542881	-0.0140935	-0.0068472	-0.0502606	0.0143437	-0.0133378	-0.0140272	-0.00312819	-0.0108569	0.0928816	0.144655	-0.0163986	-0.00803448	-0.00835363	-0.010974	-0.0228511	0.0046461	-0.00634708	-0.0137019	0.0201957	-0.0430137	-0.0243591	-0.0190075	-0.0140888	-0.0438162
-0.0440803	-0.00187154	1	-0.0142135	0.18139	-0.00797232	-0.0962666	-0.0158033	-0.0968996	-0.0318006	-0.0107985	-0.0217197	-0.0165088	-0.114787	-0.00775619	-0.0287886	-0.0358294	-0.0577518	-0.115598	-0.0381115	0.186388	-0.0282704	0.615654	-0.0830471	-0.0179655	-0.00473121	-0.0316433	-0.028396	-0.0598255	-0.0146173	-0.0675902	-0.0275717	-0.00981783	-0.0199989	-0.037264	0.15542	-0.0258783	-0.0145879	-0.0168399	-0.019351	-0.0756737	-0.0126544	-0.0156156	-0.0715692	-0.0306714	-0.0175065	-0.00488376	-0.0136053	-0.0130556	-0.0166094	-0.0252206	-0.0218825	0.658822	0.139349	-0.0696287	-0.0607043	-0.0208894	-0.0102256	-0.0230484	-0.0345197	-0.0255311	-0.0283258	-0.0373667	-0.0489293	-0.0270809	-0.0158527	-0.0378498	-0.0194437	-0.092143	-0.0330667	-0.0150514	-0.0717147	-0.0275573	0.149378	0.00250926	-0.045064	-0.108139	-0.0375203	-0.0320304	-0.0151371	0.00442755	0.000437461	-0.0173661	0.00232233	0.131822	-0.0936421	-0.018868	-0.0426481	0.00831709	-0.0220491	0.142667	0.119985	-0.0100604	0.720307	0.124164	-0.0447992	-0.0144407	-0.010284	-0.0136324	-0.0271003	0.118312	-0.0116263	-0.0384063	0.00823389	0.133472	-0.0260499	-0.0671523	-0.0895476	-0.0294798	-0.0194102	-0.0885513	-0.0117477	-0.0479647	0.149245	-0.021815	-0.0670364	-0.0238046	-0.048832	0.152543	-0.0690653	0.310917	-0.0114977	0.120735	-0.00374991	0.327256	0.214714	0.0908	0.156554	-0.0449218	-0.0276619	-0.0234808	-0.0555135	0.215196	-0.0303159	-0.0148321	-0.0331842	-0.0123333	-0.0233756	-0.0102166	-0.0223905	-0.0771874	-0.0147459	0.00277945	0.00394672	0.204401	-0.00668948	-0.0362068	-0.0191519	0.293915	0.10179	0.397862	0.640423	-0.0241072	0.0929166	-0.00850238	-0.0712424	0.0898618	-0.0332469	-0.0326309	-0.0676383	-0.013635	-0.0163674	-0.0327755	-0.0180071	0.163995	-0.0248838	-0.0173077	0.122127	-0.0289047	-0.0423856	-0.056072	0.12826	-0.0104576	-0.026106	-0.0263559	0.292767	0.152936	0.0993294	0.200843	-0.00928505	-0.0242682	-0.0525604	-0.0480884	-0.060678	0.00722256	-0.0133903	-0.0281893	-0.00683044	-0.0713629	-0.0118618	-0.0391785	-0.00753134	-0.0682401	0.224626	-0.0382223	-0.0187269	-0.0145275	-0.0490052	-0.0176789	-0.0338282	-0.0132117	-0.0275886	-0.00993595	-0.0637931	-0.00308277	0.0192379	0.019052	-0.00177057	0.00411347	-0.0554275	-0.0140888	0.0170007	-0.0192582	-0.00860876	-0.0249222	-0.0240009	0.000520442	0.529071	0.00344312	-0.0143245	-0.0475123	-0.036096	-0.00720339	-0.0253226	-0.0504269
-0.026917	-0.0130501	-0.0142135	1	-0.0819193	-0.0205803	-0.0542841	-0.0113924	-0.0641677	-0.00765026	-0.0102024	-0.0150348	-0.00711068	-0.0556776	-0.00583561	-0.020647	-0.0268868	-0.0393763	-0.0710719	-0.022566	0.109527	-0.000352337	-0.0262362	-0.05112	-0.0159047	-0.00387782	-0.00920103	0.00140389	-0.033688	-0.0129337	-0.00670608	-0.0142697	-0.00823776	-0.0139171	-0.00951612	0.0640883	-0.0274888	-0.0144373	-0.0180062	0.00864187	0.0938853	-0.0073563	-0.00775167	-0.0379443	-0.0210564	-0.0139405	-0.003554	-0.0033917	-0.00987413	-0.00424139	-0.0166505	-0.0150403	-0.0179207	-0.0485354	0.0900327	0.113307	-0.00822899	0.00432344	0.328236	-0.00868077	-0.021593	-0.00987921	-0.0204038	-0.0226191	-0.0206202	-0.015222	-0.00488678	-0.0147927	0.0664003	-0.0148724	-0.00739268	-0.0245266	-0.0209398	-0.0460508	-0.0160936	-0.00671152	-0.0558493	-0.0332998	0.145719	-0.0211135	-0.0129611	-0.00360779	-0.00743378	-0.0122494	-0.0284746	-0.0367434	-0.0183731	0.135211	-0.00992326	0.00995796	-0.0468602	-0.040993	-0.0106755	-0.0162486	-0.037	-0.00638753	-0.0185622	-0.0120764	0.045781	0.00424734	-0.0300344	-0.013083	-0.0190639	-0.0110781	-0.0264333	-0.00769509	0.0402278	0.0553842	-0.0070026	0.0503719	0.0432735	-0.00196059	0.0411257	-0.0603876	-0.0144476	-0.00575202	-0.0131758	0.0232558	-0.0198761	-0.012899	-0.0278292	-0.0158857	-0.0257746	-0.0153029	-0.0268921	-0.0235004	-0.0428828	-0.0382175	-0.0203399	-0.0214849	-0.00038257	-0.0077454	-0.0312556	-0.0055596	-0.00995404	-0.0156042	0.0208888	0.0868129	0.000897409	-0.0200356	-0.0140245	0.00851695	-0.00691595	-0.00754106	-0.0319111	-0.00717885	-0.0230558	-0.00570791	-0.0175328	-0.0263319	-0.0222839	-0.0181897	0.00102046	-0.0292116	-0.00859223	0.0408855	-0.0423673	-0.0109847	-0.0184761	-0.0164698	-0.0121697	0.00292948	-0.0197581	-0.0166446	-0.0194454	-0.0225248	-0.0249186	-0.0322174	-0.0142777	-0.0171906	-0.02612	-0.0297725	-0.0140912	-0.0112588	-0.0272475	-0.00694297	-0.0393736	-0.0509566	-0.0235805	0.00650087	-0.0266659	-0.018563	0.0399082	-0.0356549	-0.0102513	0.0738137	0.0305324	-0.000284811	-0.0184426	0.015399	0.00696263	-0.0124273	-0.00573997	-0.00937741	0.0542136	-0.0199381	-0.012611	-0.0236295	-0.0240966	-0.0219955	-0.0268567	-0.0209487	0.00567549	0.00320122	-0.0133851	0.00816856	0.00714963	-0.018303	0.00120024	-0.0050142	-0.0175161	-0.00474065	-0.00505013	-0.031006	-0.00838478	-0.0393276	-0.0134416	-0.0137877	0.0825999	-0.0109884	0.0326005	-0.0386255	0.00309341	-0.0051894	0.00321617
-0.223746	0.116392	0.18139	-0.0819193	1	-0.0903148	0.690961	0.145615	-0.262325	0.132536	-0.120166	-0.186859	-0.11361	-0.575039	0.163699	-0.106788	0.196083	-0.194502	-0.0986945	0.148135	0.415814	-0.0570197	0.237498	-0.328406	0.123048	-0.109902	0.155821	0.124593	0.0557325	-0.0669762	-0.248569	0.163011	0.00438294	-0.110951	-0.153196	0.201223	-0.0557624	-0.0675533	-0.0907087	-0.0960764	0.219814	-0.0118642	0.0991976	-0.22026	0.136218	0.0860236	-0.0481868	-0.140347	0.0785504	-0.0832322	-0.0855532	0.00111272	0.164425	-0.0816251	0.229933	0.222565	0.024037	-0.0622101	-0.0869099	0.052662	0.152568	0.0528741	0.0784095	0.0755911	-0.0828134	0.0393734	-0.0692609	0.092644	0.266022	-0.0702111	-0.0580968	-0.2252	-0.117829	-0.04897	0.0892593	0.0186367	0.0752434	-0.0615532	-0.0552388	0.116921	0.0336723	-0.0270593	-0.0779791	-0.0698251	0.00191195	0.0888285	0.0405741	0.0118501	0.0143333	-0.030092	-0.0585074	-0.0822415	-0.0641896	0.124185	-0.0719062	-0.0634952	0.0702687	-0.0878718	0.0628427	-0.0792783	-0.0540196	-0.0271557	0.138141	0.0250537	-0.0585791	0.0803358	0.0494826	0.0850583	0.087789	0.0402748	0.0246347	0.0587498	-0.0223038	-0.0410808	0.0175245	-0.000587615	0.0298045	0.0304263	0.0431311	0.0186372	0.0638953	0.0311807	0.04639	-0.0517369	0.104513	0.0678528	0.0133185	0.028461	-0.0338714	0.0331	-0.0687966	-0.0292808	0.0654681	0.0689058	-0.0164253	0.0495441	-0.00401178	0.0236595	0.0208416	-0.113948	-0.0403509	0.0324482	-0.0186501	0.091213	-0.0137352	0.0218607	-0.0749228	0.00524649	0.0495792	-0.00925344	0.120047	0.116647	-0.0422472	-0.0158846	0.0033775	0.000412969	-0.0184097	0.0495171	-0.104128	0.0321295	0.000347144	-0.0683123	0.0143268	0.0263198	0.0472091	-0.0271148	0.00998332	-0.018326	-0.0328263	0.0321282	-0.0410203	-0.0183225	0.0715195	-0.0116427	0.0540728	0.0542896	0.00565788	0.0365143	-0.037395	-0.0752522	0.0619689	0.0442715	-0.0148068	0.0786396	-0.0201736	-0.0370026	-0.090263	0.015249	-0.00178873	0.0184878	-0.0164233	0.0255364	0.00825177	0.0394938	-0.00136994	-0.0240834	0.0703251	0.0649859	-0.00473318	0.0224689	-0.0704355	0.0332268	0.00345948	0.00486714	0.00673108	-0.0593315	-0.030945	-0.0318184	-0.0245485	-0.012271	0.0216807	-0.032016	0.0216083	-0.0425216	-0.0449101	-0.0336968	0.0170508	0.100005	-0.0235084	0.00784091	0.0371182	-0.0608076	-0.044739	0.0609014	-0.0570892
-0.0232521	-0.0134213	-0.00797232	-0.0205803	-0.0903148	1	-0.0620924	-0.0224288	0.165068	-0.0111959	-0.0028097	0.547633	-0.0102458	-0.0770903	-0.0116597	-0.0167248	-0.0267019	-0.061176	0.0984984	-0.0172197	-0.0538635	-0.0238137	-0.0226838	-0.0491275	-0.00517544	-0.0231574	-0.021411	-0.0154441	-0.022193	-0.020638	-0.0359857	-0.0309523	0.0122522	-0.000304265	-0.000944518	0.114138	-0.019643	0.675687	-0.00283118	-0.00967013	-0.0425536	-0.0143442	-0.0138985	0.118225	-0.000688554	-0.00439174	-0.0148953	-0.018224	-0.0173515	-0.0274961	-0.0202849	-0.0276109	-0.00645308	-0.0714741	-0.0110908	-0.0146363	0.0662005	-0.0164974	-0.0106693	-0.0241269	-0.0112244	-0.0316776	-0.0138406	-0.0348283	-0.0301397	-0.0164025	0.0009167	-0.0162466	-0.0539813	-0.028625	-0.00859968	0.115066	-0.0134478	-0.0484166	-0.0213374	0.0481348	0.00786542	0.0935521	-0.0370057	-0.00909988	-0.0075816	0.0811086	-0.0266224	-0.0130833	0.0210104	-0.055292	-0.0294872	0.0326389	0.143902	0.0631981	-0.00767945	0.0312218	-0.0203125	0.00480522	0.0339847	-0.00708603	0.0701758	0.0100794	0.0860589	0.00572277	0.0268644	-0.025437	-0.0108833	0.167122	0.0368969	0.0899413	-0.0398588	0.030682	0.000817337	0.0866764	-0.0482801	-7.01864e-05	-0.047158	0.0522428	0.0513703	-0.0376795	-0.0103483	0.0565572	-0.0060807	-0.015723	0.00978435	-0.0086027	-0.0203323	-0.0164699	-0.0210098	0.000200097	-0.0484767	-0.0416429	-0.0425159	0.00283532	-0.0110355	-0.0145839	-0.0104423	-0.019534	0.0173763	0.00271309	0.0170165	-0.00197604	0.0687685	-0.0292603	-0.0298864	-0.0128484	0.103435	-0.00512698	-0.0279587	-0.0322136	-0.0244133	-0.0323827	-0.0130364	-0.035725	-0.00158263	0.00350226	-0.0224592	-0.0327839	0.0256518	0.0323269	-0.0499242	0.0384516	-0.0112575	-0.0264903	0.00706213	-0.0212545	-0.0244651	0.0277392	-0.0396095	-0.0183199	-0.0161707	-0.0384071	-0.0282847	-0.0372061	-0.0387453	-0.0418704	-0.0143791	-0.00894682	0.0275395	-0.0175667	0.00501244	-0.0236635	-0.0152003	-0.0150374	0.026116	-0.0359555	-0.00478622	-0.0127805	0.150289	-0.00550127	-0.0190528	-0.0164975	-0.0183277	-0.00399996	0.0136303	0.119537	-0.0346043	0.022889	-0.0357173	-0.0206799	-0.00682512	-0.0183112	-0.0148298	-0.0128927	-0.0184497	0.0669594	0.00317255	-0.0171024	0.0130249	-0.0171496	-0.0144354	-0.0218372	-0.0228385	-0.035459	-0.0245153	-0.0136908	0.0309696	-0.00981652	0.0208771	0.0298106	-0.0136751	0.0082209	-0.0217195	0.00946254	-0.0404617	0.0336677	0.00249583	-0.0224921	0.00644774
-0.144113	-0.0596106	-0.0962666	-0.0542841	0.690961	-0.0620924	1	-0.086132	-0.421562	0.195737	-0.0875913	-0.133329	-0.0850081	-0.38582	-0.0704204	-0.0712627	-0.143107	-0.198633	-0.179832	0.10859	0.387852	-0.0940042	-0.12577	-0.194542	0.184554	-0.0757025	0.240196	0.190154	0.177966	-0.0134186	-0.159988	-0.0796725	-0.0543195	-0.114179	-0.121359	0.181569	0.0110224	-0.0643958	-0.0545963	-0.0721638	0.273386	-0.0664668	0.156162	-0.249841	0.201727	0.149656	-0.0125007	-0.083932	-0.0637718	-0.0806688	-0.055298	-0.0727197	-0.0836519	-0.0247303	0.3067	0.286721	0.0793261	-0.0838989	-0.0816216	-0.0645894	0.225827	0.114672	0.145845	0.166052	-0.0590977	0.088114	-0.0916765	0.158895	0.343999	-0.0941896	-0.0558198	-0.239852	-0.0744979	-0.111304	-0.0623262	-0.0650801	0.203402	-0.18321	-0.046894	0.152966	0.0465078	-0.00133012	-0.0712051	-0.066161	-0.0855678	0.242033	0.077923	-0.0899054	-0.0878915	-0.0710192	-0.120426	-0.166105	-0.0427117	-0.0510911	-0.147656	-0.0939888	-0.0556365	-0.0722578	-0.00665915	-0.0434534	-0.152426	0.0204564	0.219761	-0.0796589	-0.180793	0.132784	0.142652	0.0816686	0.138278	-0.00676233	0.136194	0.0743624	0.00878806	-0.142173	-0.0908689	0.108913	0.0707371	0.0247195	0.00583546	0.102813	-0.0640043	0.074933	0.0356011	-0.0187099	-0.0633203	0.0403426	0.0444955	0.0227883	0.0138024	0.0887348	-0.0274348	0.0225928	0.00977962	0.0689115	-0.0373634	0.0243897	-0.0149648	0.0270553	0.0378801	-0.0794558	0.0250566	0.0240125	-0.0525465	0.0897201	-0.063737	0.0530542	-0.0223346	0.00345154	-0.061864	-0.0231293	-0.0371986	-0.0452104	-0.0344038	-0.0282874	-0.018647	-0.00924896	-0.0390919	0.0821261	-0.0624851	0.079136	-0.0355627	-0.0687323	0.0551813	-0.00460416	-0.0284637	0.000880718	0.015451	-0.0722779	-0.00652085	0.0344855	-0.0105405	-0.0599686	0.11281	0.032643	0.0834665	-0.0462835	-0.010593	0.0228603	-0.0800085	-0.0451744	0.0956116	0.0454215	0.0423336	0.102094	-0.0435918	-0.017387	-0.0488299	-0.0520712	0.0312793	-0.0292275	-0.00464864	0.035502	0.00705908	-0.00418478	-0.0172421	0.0112378	0.119524	0.0672201	0.00433906	0.019393	-0.0452592	0.0498296	-0.0237167	0.00517246	-0.0083469	-0.0453919	-0.0441622	-0.0381851	-0.0378359	0.0350952	0.0110627	-0.0442183	0.0432165	-0.0074783	-0.0806346	-0.00400565	-0.0115957	-0.0313667	-0.00186205	0.00673094	0.0156893	-0.0633179	-0.0306174	0.0543297	-0.0656135
-0.0393429	-0.0190805	-0.0158033	-0.0113924	0.145615	-0.0224288	-0.086132	1	0.209613	-0.0152667	-0.0149807	-0.0298209	-0.0072938	-0.0934974	-0.0121649	-0.0260113	0.484896	-0.0524638	0.169096	-0.043734	-0.100664	-0.0149458	-0.0293369	-0.0751622	-0.0197703	-0.0355944	-0.0324608	-0.0194023	-0.0464977	-0.0309959	-0.0546799	0.39652	-0.000959047	-0.0225532	-0.016987	-0.105124	-0.0274251	-0.01653	-0.0178377	-0.00834745	-0.0672237	-0.0188029	-0.0272417	-0.0649098	-0.0276932	0.00255657	-0.0169291	-0.0344611	-0.0243054	-0.00987532	-0.00666064	-0.0013546	-0.0189091	-0.0666469	-0.0615976	-0.0571401	-0.0156606	-0.0213323	-0.0222921	-0.0175399	-0.0084938	-0.0310325	-0.0295657	-0.043789	-0.0120927	-0.0148839	0.146591	-0.00876476	-0.0718192	-0.0200582	-0.0188759	-0.05866	-0.0213947	0.116175	0.655065	0.127702	-0.00472783	0.179404	-0.0315963	-0.0160704	-0.0187381	0.00610591	-0.0114277	-0.0120962	-0.00773673	-0.0876622	-0.0271554	0.112133	0.231593	0.0871383	-0.0316609	0.0260023	-0.0154654	-0.0175331	0.0290748	0.0940278	-0.0227623	-0.0263963	0.143434	-0.0169499	0.0365866	-0.0165726	-0.0354509	0.255912	0.0512998	-0.0118938	-0.0735482	0.0696306	-0.0311102	0.147559	-0.0924761	-0.0125963	-0.0521648	0.0528866	0.146335	-0.0655669	-0.0222437	-0.0329292	-0.0788961	-0.0634477	-0.0408227	-0.0122195	-0.0790731	-0.0255826	-0.036174	-0.055232	-0.0284801	0.0255502	0.0790613	-0.0128821	-0.020183	-0.06448	-0.035511	0.173952	-0.014262	-0.0225899	-0.0158417	-0.0129399	0.00883105	0.000268188	-0.0103774	0.158373	0.00394798	0.0340947	-0.0374126	-0.025304	-0.0165679	-0.036869	-0.0324487	-0.0310136	-0.0295567	-0.0182667	-0.0106436	-0.0398838	-0.0135556	-0.000499478	-0.0516447	0.0578331	-0.0204954	0.00364168	-0.0232378	-0.00585246	-0.015021	-0.00323743	0.0149613	0.00210314	-0.0219577	-0.00714984	0.0206575	0.0466192	0.0262314	0.000896981	-0.020386	-0.00626205	-0.0193509	-0.0103162	-0.0332659	-0.00715339	-0.0240447	-0.0251106	-0.0160237	0.0291898	-0.0483047	0.0118632	-0.0178494	-0.0360834	-0.029077	-0.0205739	-0.00571257	0.16028	0.0801493	0.00260285	0.0721337	-0.0356646	0.130698	-0.00294705	0.0119626	0.0653262	-0.0203208	-0.0321249	-0.0143424	-0.00967837	0.0809673	0.084263	0.00681684	-0.017848	-0.0183883	-0.0209282	-0.00790399	-0.0359919	-0.03944	-0.0175109	-0.00752609	0.0113238	-0.024704	-0.0186778	-0.00382937	-0.00909583	-0.0234388	-0.0161312	0.108337	-0.0322755	-0.0135753	0.15052	0.0231387
-0.153097	-0.071866	-0.0968996	-0.0641677	-0.262325	0.165068	-0.421562	0.209613	1	-0.0825164	0.204348	0.317145	-0.077481	-0.431652	-0.106659	-0.0763527	0.28448	0.379658	0.625095	-0.0519442	-0.348989	-0.0949018	-0.139985	-0.302619	-0.0854907	-0.0875251	-0.10604	-0.0970904	0.0777363	-0.109615	-0.178935	0.196547	0.0309366	-0.0317316	-0.0495273	-0.0937202	-0.0831681	0.128019	-0.0363174	0.160771	-0.231854	-0.0314084	-0.0671064	0.362896	-0.0995017	-0.042879	-0.0107706	0.036169	-0.0324635	-0.0805973	-0.0737121	0.158016	-0.101549	-0.167387	-0.24118	-0.188443	-0.0713224	0.060424	-0.0308258	0.0531196	-0.0883154	-0.0516714	-0.0124891	-0.0271673	0.150402	-0.0595928	0.00409748	-0.102401	-0.187318	0.217042	0.119845	0.415067	-0.0694649	-0.192825	0.123067	0.148818	0.0387347	0.331626	0.0857652	-0.0452024	-0.0545798	-0.0234378	-0.0734052	0.122772	-0.131182	-0.0443937	-0.0983482	0.140367	0.17599	0.215818	-0.199845	-0.0560628	0.00652024	-0.0608497	-0.0680242	0.0171473	0.114114	0.110153	0.136619	0.126874	-0.0674774	-0.0710448	-0.102372	0.15014	-0.0831225	-0.0298311	0.0362165	0.184327	-0.0781532	0.139035	-0.0053299	-0.0305073	0.0421846	-0.0470015	0.181594	-0.0537333	0.0189634	-0.0302935	-0.118254	-0.0901145	-0.0994877	-0.0417522	-0.125907	-0.0309773	-0.0308804	-0.080225	-0.0760815	-0.0400175	0.0615633	-0.0544909	-0.088833	-0.0517886	-0.0974864	0.0326151	0.0378667	-0.023467	0.0376665	-0.0366453	-0.00973422	0.0891688	0.00672345	0.00635834	0.10582	-0.0200789	-0.0274987	-0.095258	0.0422197	-0.0250287	-0.0747387	-0.0264437	-0.0534217	-0.0604488	-0.0570947	-0.0186431	-0.00583839	0.0468744	-0.0251444	-0.0385271	0.0869977	-0.0522503	0.0239726	-0.049153	-0.0626259	0.0907649	-0.0529102	-0.05391	0.040623	0.0137597	-0.0231445	0.0125552	0.068103	0.00486001	-0.0503013	-0.0510228	-0.0102398	-0.0823308	-0.00820916	-0.00660908	-0.00413557	0.0476151	-0.016959	0.000654186	-0.0572868	-0.00984032	0.0588448	0.00743526	0.061954	0.0366496	0.0462131	0.0249832	0.0241993	-0.00226466	0.0185446	-0.0985161	0.0657818	-0.0249299	-0.057493	0.0304633	0.0395829	0.0364281	0.0569592	-0.0429903	0.0469041	0.0584485	-0.0108915	-0.0641708	-0.0343184	0.028614	-0.0133036	-0.0405487	-0.0426776	-0.0341716	-0.0303186	0.0377354	0.0767366	0.0127985	-0.00059759	-0.0473902	-0.0414155	-0.0204578	0.0512251	0.0674364	0.00917129	0.0142528	0.076051
-0.0139694	0.00161608	-0.0318006	-0.00765026	0.132536	-0.0111959	0.195737	-0.0152667	-0.0825164	1	-0.0272543	-0.0273342	-0.0280624	-0.0670184	-0.0215258	-0.007474	-0.033257	-0.0434011	-0.0841775	-0.0360187	0.113691	-0.0180991	-0.0324461	-0.0390615	-0.0122402	-0.0124472	-0.0159466	-0.0152361	-0.0354502	-0.0172174	-0.0555943	-0.0324693	-0.0207713	-0.0269689	-0.0371937	0.118786	-0.0262519	-0.00956511	-0.000774572	-0.0162664	-0.0588582	0.0247881	-0.00739373	-0.0362925	-0.0246115	-0.0243963	-0.0132385	-0.0134083	-0.0166086	-0.00811286	-0.0134517	-0.0234969	-0.0267741	-0.109842	0.155899	0.205672	0.568699	-0.0196543	-0.0125298	-0.0155682	-0.0292085	-0.0360558	-0.0233554	-0.0458522	0.0299327	-0.014507	-0.0213456	-0.0158263	-0.0783827	-0.0140613	-0.0200554	-0.0211953	-0.0135023	0.0934413	-0.0197444	0.0694694	-0.0575867	-0.0206311	-0.0278154	-0.0236299	-0.0108001	-0.015808	-0.00651974	0.000140718	0.0862243	-0.0811743	-0.031621	-0.0345499	-0.00974178	0.0133937	0.0910757	0.0944734	-0.00275923	-0.0190909	0.0941439	-0.0189874	-0.0151531	0.025634	-0.00766439	-0.0197653	0.0738257	-0.0233352	-0.0326821	-0.00456119	0.0779132	0.650399	-0.0341062	-0.0387217	-0.0171119	-0.00967221	-0.0500696	-0.0107325	-0.0348078	0.0875044	-0.0210208	-0.0525954	-0.0172639	0.00145471	-0.069841	-0.0607842	-0.0401242	-0.0192476	-0.0630473	-0.0103322	-0.0309457	-0.0500443	-0.0943531	-0.0620574	-0.0337367	-0.02336	-0.00901647	-0.0493636	-0.0525771	-0.0312522	0.0215449	-0.0246958	0.0390731	-0.0253669	0.26575	-0.00982562	-0.0529846	-0.0134132	0.0379601	-0.0221483	-0.0389078	-0.0327013	-0.00245047	-0.0368385	-0.0468677	-0.100111	-0.041067	-0.0219908	-0.0225998	-0.0892251	0.0494528	0.0926856	-0.0490249	0.0980527	-0.0289669	-0.0546478	0.0244929	-0.0170073	-0.00580915	-0.0220468	-0.0717044	-0.00578379	0.113612	-0.0713668	-0.0364609	-0.0438183	-0.0531249	-0.0760346	-0.0168213	-0.018749	0.159851	-0.0452077	0.0653749	0.0365031	-0.055296	-0.0177022	0.163056	-0.0328918	-0.0219496	0.0849262	0.0178934	-0.012405	-0.0236218	-0.00545183	0.0692011	-0.0105686	0.0413032	0.215443	0.00519535	-0.0314199	-0.0343644	-0.0218806	-0.0213355	0.0550167	0.119994	0.0940135	-0.0163575	0.128163	-0.00749037	0.069336	0.0225751	-0.0132357	-0.0244213	-0.00597452	-0.0119206	-0.0408899	-0.022579	-0.0237124	-0.00612266	-0.0049427	0.000552117	0.0729798	0.010034	-0.0243633	-0.00859319	0.0258542	0.0259122	0.0547215	-0.00464787	-0.0144126	0.0386027
-0.0274988	-0.017803	-0.0107985	-0.0102024	-0.120166	-0.0028097	-0.0875913	-0.0149807	0.204348	-0.0272543	1	-0.0252317	-0.0228138	-0.0859699	-0.0187664	-0.0102293	-0.0294952	-0.0496677	-0.0908349	0.44953	0.152542	-0.0101414	-0.0277221	-0.0706851	-0.0255879	-0.0220623	-0.0135973	-0.024156	-0.0398287	-0.0239232	-0.0477882	-0.0322654	0.362415	-0.0177399	-0.0275504	0.126991	-0.0174587	-0.00799304	-0.00391169	-0.0225012	-0.0625229	-0.0191442	-0.00995755	0.0284124	-0.0273935	-0.0179917	-0.0195411	-0.0351647	-0.0127762	-0.0148862	-0.0228133	-0.0299104	-0.0074055	0.137715	-0.0689763	-0.0525343	-0.0285485	0.454632	-0.00343558	-0.022909	-0.00891349	-0.0227906	-0.0322376	-0.040995	-0.0191512	-0.0166409	-0.00787942	-0.0253315	-0.0750683	-0.0224016	0.610881	-0.0705884	-0.0196715	0.128708	-0.0183903	-0.0197427	-0.084768	-0.0376885	-0.02217	-0.00730628	-0.00669945	-0.0306823	-0.00637967	-0.0102944	0.0159077	-0.0730034	-0.00979334	-0.0229158	-0.016819	-0.0379515	0.035548	0.00716004	-0.00540457	-0.0094759	0.00924024	-0.00487161	-0.018294	-0.0135477	-0.0287973	0.00201098	0.0960352	-0.019342	-0.0274671	-0.016805	0.108701	-0.0203521	-0.0509647	-0.0779752	-0.0278397	0.0956335	-0.0725479	-0.0138153	-0.0320424	0.121645	-0.0256853	-0.0571144	-0.0235609	-0.0397226	0.0288972	0.0292816	-0.0145888	0.000554353	0.0110136	-0.00961129	-0.0086954	-0.0183554	0.0245278	0.0350857	0.00117706	-0.0283476	-0.0180744	-0.00467433	0.0418987	-0.0082383	-0.0100829	0.000793532	-0.0167568	-0.0117374	-0.0198408	-0.00274476	-0.0120022	-0.0195446	-0.0188981	-0.00891501	0.0669066	-0.0180214	0.00291838	-0.0255518	0.0828071	0.0923116	0.00245818	0.00655501	-0.00817518	0.0858463	-0.00507069	-0.0590982	0.0755291	-0.0350319	0.0836005	-0.0119733	-0.0207129	-0.00392407	-0.0341377	-0.0225431	0.0497652	-0.0204838	-0.0172268	0.0847754	-0.0138127	-0.0126769	0.0422812	0.0924515	-0.00734755	-0.0197426	-0.0341122	0.0810394	0.0795357	0.0625074	0.122542	0.223776	-0.0315198	-0.0169083	-0.00443254	-0.03568	-0.0162384	0.128942	0.0687199	-0.0156421	0.0086829	-0.0351371	-0.0184297	-0.0072322	-0.0454068	-0.008395	-0.00704446	-0.016769	-0.0129145	-0.027637	-0.0105431	-0.0219899	0.0796131	-0.0162343	-0.0238526	0.0156527	-0.00281511	-0.00863477	0.121782	0.151811	-0.00259881	-0.0205057	-0.0102573	0.113593	-0.00938549	-0.00764694	-0.0186748	0.0467634	-0.0181715	0.00489941	-0.00997443	0.00268134	-0.0175499	0.015476	-0.0187896	-0.0125076	0.0153122
-0.0377977	-0.02576	-0.0217197	-0.0150348	-0.186859	0.547633	-0.133329	-0.0298209	0.317145	-0.0273342	-0.0252317	1	-0.0320609	-0.133789	-0.0354671	-0.0293113	-0.0492674	-0.0864225	0.242201	-0.0556955	-0.155591	-0.0309167	-0.0368168	-0.100523	-0.0328664	-0.0258055	-0.039413	-0.0199917	-0.0520292	-0.0284617	-0.0126033	-0.0481811	-0.017391	-0.0220065	0.0569269	0.147798	-0.0328504	0.388428	-0.00239847	0.481407	-0.085257	-0.0269594	-0.0239883	0.20724	-0.0365805	-0.0160686	-0.0112007	-0.0356313	-0.0180199	-0.0313235	-0.0206338	-0.0363786	-0.0273886	-0.105154	-0.0737709	-0.0570045	0.0186108	-0.0320682	-0.0282401	-0.0405701	-0.019367	-0.0389731	-0.0246191	-0.0433029	-0.035467	-0.0190798	-0.00530203	-0.0205068	-0.0982773	-0.0473492	-0.0202092	0.198767	-0.00555665	-0.112251	-0.0278905	0.00710512	0.0932943	0.061308	-0.0265381	-0.0166016	0.0184755	0.0249757	-0.0310696	-0.02202	-0.0562233	0.00352107	-0.0336052	0.0348426	0.0570038	0.0368521	-0.0653973	-0.0397123	-0.00312494	-0.00998669	-0.0367617	-0.0140773	0.0378967	0.0405202	0.0212548	-0.00738197	-0.0626799	-0.0265744	-0.0147126	0.0732642	-0.0561583	0.0451216	-0.0268822	-0.00914517	-0.0207564	0.0180418	0.0800512	-0.0265268	-0.0150239	-0.0462827	0.0166999	0.0905214	-0.0183455	0.0436528	0.0366017	0.0483402	-0.0245501	-0.0155688	0.0550867	-0.00679702	-0.0292759	0.100477	4.0785e-05	-0.0745696	-0.055	-0.00544847	-0.0250865	0.0645949	-0.0259048	-0.0261607	0.0494699	-0.0133746	0.0919215	-0.0235634	0.0247312	-0.0397142	0.0478218	-0.0222902	0.0329957	-0.0193157	-0.0622149	-0.0361323	-0.0440278	-0.0396875	-0.0388615	0.0306169	-0.020233	-0.0165278	-0.0167399	0.0287075	-0.00293087	-0.018934	-0.0589181	-0.0103065	0.0183307	-0.0356918	-0.00222439	-0.0212909	-0.046921	-0.00223757	-0.0517287	-0.018131	-0.0217956	-0.0333343	0.017937	-0.0356817	-0.0169059	-0.0335894	-0.0227488	-0.0034464	-0.0126615	-0.0327391	-0.0173732	-0.0467247	-0.00964157	-0.0157675	-0.010754	-0.0419937	0.0904994	-0.043133	0.0726125	-0.0222562	0.000415993	-0.0170757	-0.0354972	-0.0282919	0.101876	0.063984	0.00180842	0.00515037	0.0662603	-0.0360328	-0.0132185	-0.0217751	-0.0127028	-0.0166257	0.016324	0.0297667	-0.0127192	0.00973089	-0.00949099	-0.0203788	-0.0257393	-0.0176349	-0.022481	0.0129351	-0.0216818	-0.0258203	-0.0020572	-0.0179266	-0.013393	0.0383943	-0.0139912	-0.0106623	0.0111895	-0.00671106	-0.0110165	0.0196928	0.0881973	-0.0182718	0.0158757
-0.0158321	-0.0105196	-0.0165088	-0.00711068	-0.11361	-0.0102458	-0.0850081	-0.0072938	-0.077481	-0.0280624	-0.0228138	-0.0320609	1	-0.0584505	-0.0107082	-0.0062319	-0.0206865	-0.0460502	-0.0822729	-0.0289893	0.128674	0.00131642	-0.0187188	-0.0570668	-0.0112732	-0.0148454	-0.0236065	-0.0140972	-0.0353936	-0.0258314	-0.0456599	-0.0171198	0.00525663	-0.0111108	-0.0146716	0.1096	-0.0274556	-0.000495493	-0.0138894	-0.0198864	0.0364377	-0.00854191	-0.0239163	-0.0615077	-0.0245488	-0.00753796	0.00418271	-0.0286334	-0.0190356	-0.000153937	-0.018833	-0.0271027	-0.0224729	-0.0776583	0.154607	0.0695003	0.275777	-0.00888156	-0.023949	-0.00952973	-0.0253516	-0.0196367	-0.0196061	-0.0286439	-0.0216664	-0.00567056	0.00112375	0.188912	0.0153216	-0.0164754	-0.0148965	-0.0365724	-0.0123886	0.0221914	-0.00358191	-0.0226201	-0.0167142	-0.0279484	-0.0318044	-0.022705	0.298614	0.00167831	-0.00174119	0.00768231	0.0218239	-0.00425666	-0.0182614	-0.0243511	-0.0106259	-0.0255221	0.0425147	0.0230566	-0.016285	-0.011431	0.0253616	0.00053939	-0.00700785	-0.00175676	-0.023475	-0.0128766	0.026243	-0.0140528	0.0709895	-0.0167314	0.0403765	-0.024207	0.0122472	-0.0148354	-0.0267255	-0.0249488	-0.00369703	-0.0264653	0.0575505	0.0294896	-0.00644888	-0.0497313	-0.0227935	-0.0219564	-0.0589873	-0.0430224	-0.0420423	-0.00692765	-0.065889	-0.00580963	-0.0273129	-0.0468854	-0.0649976	-0.038347	-0.0122363	-0.0195506	-0.0106818	-0.0279447	-0.0356606	-0.0118954	-0.0157122	-0.0236818	-0.0182862	-0.00810145	0.253322	-0.00315818	-0.0351399	-0.00933715	-0.0128351	-0.0177964	-0.0285655	-0.0202768	-0.0120016	-0.0166071	-0.025348	-0.0485792	-0.0238306	-0.0116847	-0.00928782	-0.0553412	-0.00742773	0.0724385	-0.0616247	-0.0260896	-0.0174169	-0.0455543	-0.015163	-0.0091714	-0.0285796	-0.0165769	-0.026739	-0.018142	-0.021586	-0.0429374	0.152916	-0.034751	-0.0414584	-0.0394799	-0.0161887	-0.0118526	-0.0354871	0.000239686	-0.0339405	-0.0621294	-0.0116226	-0.00961957	-0.0365012	-0.0405739	-0.0304827	-0.0592998	-0.0146103	-0.00930521	-0.0156386	0.00983158	-0.0646822	0.104015	0.0983064	-0.0185505	-0.0100534	-0.022931	0.0370942	-0.018231	-0.0093192	-0.0317412	-0.020396	-0.0270437	-0.020906	-0.0273381	-0.014412	-0.00282589	-0.00724845	0.00171913	3.87954e-05	-0.0176421	-0.0106227	-0.0401226	-0.0247195	0.000980868	0.0060106	-0.0033745	0.0664371	-0.0343277	-0.0152723	-0.00775381	0.164179	-0.0121598	0.0195386	0.0283041	-0.0117902	-0.0131571	0.0583879
0.354482	-0.0635408	-0.114787	-0.0556776	-0.575039	-0.0770903	-0.38582	-0.0934974	-0.431652	-0.0670184	-0.0859699	-0.133789	-0.0584505	1	-0.087915	0.184272	-0.0883874	-0.0878137	-0.276746	-0.131992	-0.298269	0.144137	-0.145909	0.628919	-0.0619058	0.199266	-0.0825285	-0.0547605	-0.171743	0.176308	0.428064	-0.0712017	-0.0572052	0.183178	0.229978	-0.267453	0.134003	-0.0517404	0.119733	-0.0661347	-0.0911645	0.046866	-0.0548677	-0.058343	-0.0449021	-0.0672965	0.0317429	0.0934888	-0.065583	0.16786	0.166556	-0.0856058	-0.0969826	0.198358	-0.125952	-0.148977	-0.0453002	-0.00964835	0.0411163	0.0268915	-0.0987975	-0.0204736	-0.0904453	-0.0757581	-0.057742	0.00425829	0.116637	-0.0670288	-0.185145	-0.0802232	-0.0653598	-0.12051	0.18471	0.283532	-0.0393428	-0.0463159	-0.140147	-0.115212	-0.0396101	-0.0745446	-0.0747053	0.0356285	0.157923	-0.0788305	0.1175	-0.094788	0.0515754	-0.0721377	-0.0680822	-0.118571	0.207345	0.133938	0.0604313	-0.0850949	0.121871	0.11102	-0.0402965	-0.0346139	-0.108808	-0.0597896	0.126428	0.080623	-0.0715445	-0.051334	0.152699	-0.0574002	-0.131427	-0.201756	0.000261905	-0.111895	-0.0850092	-0.00695383	-0.0509865	0.0865478	-0.0656995	0.00948185	-0.0592701	0.0122242	0.0266888	0.0400959	0.0079926	-0.0113949	0.0439433	0.0625016	-0.111448	-0.0260055	0.0225556	-0.00405548	-0.026107	0.0190835	0.159126	0.0453169	0.0110196	-0.0648791	0.0156109	-0.027268	-0.0154466	-0.020921	-0.0659696	0.0178591	0.0134531	-0.0121515	-0.0510257	-0.0551544	0.0109923	0.0620258	0.0166357	0.00215994	0.000172519	-0.00202187	-0.0896307	-0.0784132	0.104804	0.00799369	0.0397763	-0.0333969	0.0343924	0.00849745	0.00585546	0.00456427	0.0146252	0.129724	0.0585981	-0.0554074	-0.0143016	0.0644276	-0.0219434	-0.00636486	0.0291556	-0.0423551	-0.0316054	-0.0107349	-0.0370748	0.0505941	-0.0153912	0.00820869	0.00347378	-0.0300457	0.0194343	0.00624434	-0.0249697	-0.0504478	0.0293113	-0.0607588	-0.0174919	-0.00392613	0.00402422	-0.065033	-0.041867	-0.0119381	-0.00953479	-0.0174083	-0.0218503	0.0333321	-0.0477282	0.0441283	-0.0286715	-0.058423	-0.0124849	-0.0392976	0.00500978	0.00601662	-0.00089241	-0.041129	0.0330747	0.119019	0.0595809	0.0060042	0.0503155	0.00673776	-0.00501163	0.0642172	-0.00148256	-0.00505235	0.0126746	0.0169331	-0.00966539	-0.0701817	-0.0129712	0.03261	-0.0626943	0.0239093	0.0340326	-0.0432499	0.002776
-0.0286808	-0.0175918	-0.00775619	-0.00583561	0.163699	-0.0116597	-0.0704204	-0.0121649	-0.106659	-0.0215258	-0.0187664	-0.0354671	-0.0107082	-0.087915	1	-0.0120363	-0.0362903	-0.0648364	-0.11311	0.453166	0.127062	-0.024456	-0.0284486	-0.0186032	-0.0127171	-0.0191745	-0.018519	-0.011558	-0.0458852	-0.0246843	-0.0211744	-0.0352323	0.352466	-0.0283293	-0.0429569	0.0603585	-0.02405	-0.00597667	-0.012767	-0.0186886	0.00752889	0.0178197	-0.010808	0.062725	-0.029786	-0.013139	0.00102658	-0.0244366	-0.015442	-0.0139885	-0.0060349	0.0849489	-0.0179338	-0.0106889	-0.00502811	-0.0523679	-0.0342298	0.108126	0.0937638	0.027428	-0.0135648	-0.0218532	-0.0300029	-0.0397812	-0.0191091	-0.0144461	-0.0253015	-0.0162436	0.0276855	-0.0188115	0.0199351	-0.0163461	-0.0168863	-0.0117061	-0.00931626	0.00766529	-0.0199233	0.0235173	0.0336109	-0.0129355	-0.0152983	-0.0126793	-0.0183046	0.0819436	-0.0113951	-0.0696804	-0.0286834	0.0703746	-0.0115178	0.0165718	-0.00340654	0.00740577	-0.00148542	-0.00180841	0.0125031	-0.0316382	0.0296905	0.0350152	-0.00238794	-0.0135023	0.0185335	0.00420977	-0.0436909	-0.0116336	0.0293926	-0.0248329	-0.011283	-0.00486737	-0.0248091	-0.00181229	-0.0108431	-0.0136896	0.0156088	0.0156186	0.020914	-0.030341	-0.0147468	0.00324341	0.034472	-0.00824373	0.0206223	-0.0122729	0.0121409	-0.0113042	-0.0215652	-0.0283465	-0.0190023	0.0162417	-0.0304791	-0.0242881	-0.00995341	-0.0516471	0.0415073	-0.0161265	0.048816	-0.0171236	0.0274891	-0.00870226	-0.0303087	-0.0145661	-0.0534774	-0.0096058	0.00968732	0.00190309	0.0207313	-0.0284325	-0.032316	-0.0372555	0.0581819	0.00414722	0.0239988	-0.00927735	-0.0252758	0.0202755	-0.00740661	-0.0043363	0.0233167	-0.024693	-0.0118563	-0.0231913	0.0399707	-0.021708	-0.0344659	-0.0145964	0.0245472	-0.00528768	-0.00641404	0.0326685	-0.0373834	-0.0216581	-0.0249887	0.0181638	-0.0260977	-0.0192329	-0.0196731	0.0820968	0.0299646	0.000474029	0.0504288	-0.0123285	-0.0186822	-0.0331982	-0.0125923	-0.0413165	0.00379829	-0.022514	-0.0175177	-0.0205755	-0.0427312	0.0132666	-0.0186475	0.00608162	-0.0182149	0.0254391	-0.00979446	0.000165827	-0.00857661	-0.0174309	-0.00464493	-0.0160245	-0.0236745	0.0727799	-0.0030099	0.00658742	-0.0184761	-0.0064568	0.0723617	-0.0220637	0.00520676	-0.0339915	-0.0228549	0.0745707	0.00941099	-0.0272357	0.013951	0.0249853	-0.0217702	-0.00558474	0.0021399	-0.0139075	-0.0129385	0.02803	0.0219365	0.00103428	0.0179369
-0.0250315	-0.013189	-0.0287886	-0.020647	-0.106788	-0.0167248	-0.0712627	-0.0260113	-0.0763527	-0.007474	-0.0102293	-0.0293113	-0.0062319	0.184272	-0.0120363	1	-0.0410242	-0.049584	-0.0920723	-0.0209583	0.0229947	-0.0136956	-0.0226785	0.0778621	-0.00910139	-0.0230298	-0.0119096	-0.00830734	-0.0264682	-0.0313759	-0.0284674	-0.0368897	-0.00993729	0.0310463	0.011754	0.00639424	-0.0169827	-0.0109625	-0.00285166	-0.0140291	0.176735	-0.0143556	-0.0134551	-0.0604026	-0.0274382	-0.00799852	-0.0107039	-0.018336	-0.00951583	0.0029747	-0.0202789	-0.0110456	-0.0327362	0.0270594	0.0333379	0.0409614	-0.0127553	-0.0233691	0.236315	-0.0260889	-0.0200633	-0.0147071	-0.0244741	-0.0302812	-0.00928649	-0.0034925	0.0293225	-0.0259691	0.0217252	-0.034614	-0.022595	-0.051922	0.414104	0.0242531	-0.0173802	-0.0277769	-0.0868985	-0.0358642	-0.0281048	-0.00912029	-0.0194135	-0.0192713	-0.00282624	-0.00249053	0.106121	-0.086634	-0.0147791	-0.0271788	-0.0151997	-0.0209199	0.119607	0.101208	0.393318	-0.026177	0.102984	-0.0164875	-0.0243122	0.000916549	-0.0218232	-0.00378884	0.0997376	-0.00918869	-0.0330955	-0.0114624	0.101412	-0.0191066	-0.0474072	-0.070993	-0.0133024	-0.0217921	-0.0711599	-0.00705881	0.0533089	0.02717	-0.0311984	-0.0547291	-0.0138292	0.060857	-0.064312	-0.0500862	-0.036657	-0.00461214	-0.0672388	0.000826565	-0.0337962	-0.0474738	-0.00446096	0.0404183	0.0958267	-0.00817936	-0.0169793	-0.0482683	-0.0327614	-0.00558883	-0.000563083	-0.00759358	-0.0223891	-0.0192825	-0.0224104	0.00285344	0.00594109	-0.00635174	-0.0113631	-0.0157458	0.0551486	-0.0140739	0.113714	-0.03172	-0.0314607	-0.0373045	-0.0295794	-0.0219208	-0.00621502	-0.0364246	0.00264024	0.0126314	-0.0440225	0.0193	0.0503416	-0.0507335	-0.00923764	0.000882823	-0.000911918	-0.0135273	-0.047396	0.0198096	-0.0189635	-0.0209212	0.0841722	-0.0343093	-0.000520785	-0.0172097	-0.00582124	0.231623	-0.0302642	-0.0235231	-0.0101153	-0.0360647	0.0138867	-0.0151049	-0.0306385	-0.0395255	-0.0361294	-0.0557299	-0.00203635	-0.0180021	0.0351883	-0.016548	-0.0268024	0.0800843	0.0610103	-0.0164355	-0.0103513	-0.0428798	-0.0015187	0.022343	-0.0149141	-0.0212433	-0.0176826	-0.0249336	-0.02737	0.0564576	-0.0105344	0.00104852	-0.00523366	-0.0133035	-0.0117892	-0.0120696	-0.00804785	0.00258229	-0.0269966	-0.0111468	-0.0201528	-0.00965429	0.0631015	0.0156306	-0.00480199	-0.0213004	-0.00491451	-0.0107443	-0.0292	0.079101	-0.0178752	-0.00450694	0.06019
